6.301299e-05
1.365203e-03
2.051842e-04
1.634490e-04
3.568480e-03
1.782734e-03
3.897909e-04
9.630323e-04
2.554017e-04
2.282093e-03
4.815815e-04
1.186337e-04
1.071753e-04
4.534703e-04
4.648654e-04
2.203639e-04
3.616048e-04
9.381058e-05
6.241802e-04
1.713013e-04
3.027180e-03
2.218678e-04
6.321726e-04
7.185259e-05
2.104583e-03
2.359929e-04
9.231608e-05
9.546644e-04
1.533319e-03
6.952831e-04
7.330287e-04
3.862459e-04
8.044880e-05
5.459529e-05
2.825901e-04
3.601126e-03
3.696196e-04
6.895520e-03
3.003912e-04
9.146486e-05
2.065908e-05
1.573151e-04
3.796445e-04
5.085522e-05
8.751121e-04
7.138078e-04
3.052057e-05
2.330597e-05
8.685597e-05
4.358555e-04
2.594023e-05
9.142206e-05
5.489627e-04
5.328318e-04
1.086812e-04
3.833158e-04
1.989547e-03
5.403754e-04
1.576267e-04
8.293848e-04
4.476763e-04
1.687473e-04
7.236845e-04
1.199368e-04
1.788108e-03
4.516355e-04
4.023273e-03
5.822813e-04
4.928795e-04
7.698558e-05
5.503494e-04
4.056787e-05
1.257061e-03
2.459786e-03
1.151368e-03
9.506744e-05
1.343999e-04
1.280533e-04
5.955526e-04
1.161177e-04
1.956993e-03
2.725053e-04
1.927244e-04
1.061997e-04
1.077133e-03
1.372218e-03
1.812500e-03
2.054100e-03
1.792610e-04
5.151784e-04
4.125197e-04
1.916730e-03
7.856940e-05
2.879103e-03
1.343149e-04
7.056421e-04
2.362620e-04
1.797137e-04
4.802924e-04
2.447490e-04
3.323043e-04
1.756426e-04
8.905600e-05
2.893458e-04
1.283655e-02
9.973355e-04
1.120940e-02
6.513016e-04
3.151659e-04
9.228415e-05
1.052966e-03
4.583334e-04
2.280469e-04
2.729176e-04
5.487982e-05
2.394346e-04
7.590717e-05
1.922103e-04
1.134260e-04
8.230695e-05
1.112864e-04
1.853559e-04
1.748741e-04
1.246035e-03
3.704773e-04
1.157040e-04
9.696631e-05
2.784584e-04
7.648105e-04
4.124508e-05
1.564642e-03
1.478342e-04
2.440927e-03
6.102147e-04
4.140966e-04
6.777747e-03
4.569082e-04
7.347049e-05
2.363686e-04
2.919679e-04
4.218098e-04
3.377398e-03
1.615906e-04
1.937175e-04
5.470801e-04
2.709562e-03
1.617606e-04
1.224998e-03
6.852911e-04
3.938065e-04
5.313178e-04
4.691446e-05
4.129203e-04
7.825759e-04
2.559082e-04
1.024592e-04
7.477372e-04
8.817037e-04
9.649414e-04
6.846147e-05
1.220230e-04
3.878447e-04
7.155038e-05
2.371785e-04
8.174111e-05
9.834157e-04
1.881532e-03
3.243730e-04
1.270791e-04
5.802493e-04
2.269907e-04
5.476454e-03
8.546061e-03
4.576715e-03
3.200440e-04
5.594117e-05
5.576338e-05
1.035237e-02
5.712824e-04
8.859082e-05
1.340942e-05
5.040723e-04
6.919962e-04
1.743401e-03
1.747102e-04
2.559652e-05
1.284604e-04
6.593984e-04
1.652271e-05
1.029411e-04
2.292695e-04
3.420105e-05
1.143390e-04
2.881688e-04
6.623580e-03
8.219640e-05
5.617342e-04
1.468735e-04
2.802833e-03
5.698405e-04
1.400579e-04
2.378626e-04
7.256752e-04
5.049738e-04
1.525526e-03
2.523653e-04
8.123418e-05
9.932358e-03
2.329161e-02
3.271867e-03
5.216954e-04
2.280511e-04
6.070321e-04
5.100942e-04
3.893208e-03
1.811309e-03
2.107782e-04
3.881136e-04
1.358188e-04
3.010425e-03
8.878784e-05
8.699461e-06
1.497002e-04
2.332885e-04
1.420016e-03
1.111024e-03
2.335997e-04
4.653833e-05
1.066447e-04
1.486386e-04
3.513762e-04
1.462887e-04
1.944433e-04
1.657088e-04
5.776010e-05
9.674964e-04
3.667625e-04
2.111998e-04
4.615108e-04
1.602837e-04
8.432272e-05
2.367655e-04
3.739980e-02
1.973911e-04
3.354720e-06
4.808196e-04
1.658016e-03
4.300202e-04
4.586917e-04
5.295591e-04
6.030665e-05
5.136618e-05
1.492304e-02
1.344514e-04
4.324851e-05
2.267948e-03
1.033643e-03
3.406049e-03
9.582816e-05
1.259140e-04
9.039447e-04
5.990050e-05
5.863578e-04
8.097166e-05
1.397629e-04
7.303808e-04
2.251447e-04
1.026426e-04
4.963855e-05
5.429988e-05
3.489362e-04
2.214123e-03
2.646334e-04
1.602785e-04
5.216822e-05
2.648106e-04
3.552048e-03
7.108440e-05
7.685380e-05
2.456250e-04
3.409402e-04
8.959634e-04
3.613805e-03
3.035287e-03
3.337741e-04
9.067610e-04
2.825843e-04
7.737429e-05
1.477004e-04
4.618296e-04
6.616096e-04
3.350308e-04
2.954931e-04
1.964860e-04
1.281718e-04
3.539660e-04
7.893602e-05
5.703332e-04
1.348490e-03
8.051369e-05
4.666439e-04
6.689725e-05
3.717529e-04
1.045580e-04
8.946618e-04
9.151132e-04
1.370090e-04
2.291196e-03
6.356633e-05
7.374073e-04
4.401612e-04
9.168908e-05
2.178008e-03
1.064453e-04
9.947708e-05
7.164182e-05
1.662907e-04
8.010322e-04
2.391915e-04
3.990298e-04
6.434166e-04
1.196669e-04
6.060603e-04
5.162904e-04
7.563022e-04
3.773387e-04
1.782250e-03
2.571542e-04
4.815283e-04
4.677721e-04
5.516792e-04
2.343226e-04
2.894037e-03
3.226748e-03
2.998309e-03
4.173026e-04
5.121553e-04
1.936146e-04
3.739116e-04
1.387576e-03
5.976807e-05
1.313995e-03
4.087926e-03
6.443431e-04
3.973700e-03
9.790546e-04
5.889780e-04
5.112197e-04
1.954738e-03
3.953978e-04
5.383223e-03
9.002903e-05
3.588389e-04
7.996518e-04
9.067169e-04
5.513706e-04
2.720048e-04
3.988092e-05
5.178497e-04
9.390756e-04
1.094427e-03
7.215818e-04
1.278103e-03
5.664412e-02
4.733502e-05
1.584087e-04
4.786050e-05
1.619907e-03
1.287358e-03
3.428728e-03
3.934324e-04
3.365579e-04
2.175781e-04
4.090586e-04
1.707915e-04
6.141840e-03
6.283504e-04
8.986499e-04
3.918075e-03
4.462629e-04
7.022162e-04
2.022657e-03
6.057783e-04
4.466191e-05
3.278109e-04
1.727290e-04
6.757039e-05
9.916336e-05
2.478948e-05
3.742880e-04
2.398452e-04
1.700724e-04
1.098737e-04
1.258961e-03
2.708872e-04
1.494260e-04
1.391997e-04
2.454969e-04
9.834409e-04
2.733645e-04
3.490284e-04
3.600886e-03
6.602688e-04
1.697774e-04
2.599237e-04
5.459191e-04
1.230216e-03
3.543273e-04
9.491186e-05
2.073553e-04
5.861464e-05
9.089157e-05
1.973204e-04
2.150966e-03
3.929867e-05
2.076265e-04
2.671325e-04
1.164937e-04
3.983933e-04
2.008817e-03
2.925129e-04
1.800740e-03
1.207564e-03
1.653294e-04
2.395623e-03
8.903672e-05
4.911832e-04
2.656390e-04
4.427039e-04
8.976030e-05
1.843747e-04
3.428138e-03
1.675934e-03
5.878477e-05
2.962169e-04
7.752775e-03
1.252100e-04
3.654668e-04
6.046862e-04
1.051747e-04
2.002362e-04
1.035545e-03
3.037987e-04
7.164503e-04
3.377129e-04
1.402249e-04
6.874134e-05
1.123353e-04
4.317603e-03
1.085013e-03
2.345617e-03
1.052967e-03
7.208624e-04
1.377827e-03
4.079681e-04
2.170848e-03
1.602684e-04
8.451844e-05
2.018988e-05
7.195380e-03
4.620740e-04
1.317168e-04
4.503930e-05
7.421811e-03
9.119403e-05
1.104502e-04
1.062285e-03
1.610395e-04
4.421945e-04
1.052558e-04
1.746533e-02
3.406927e-03
2.433904e-04
1.678529e-02
1.246852e-04
8.373475e-04
2.154944e-04
3.122041e-04
2.487440e-04
1.432998e-04
1.014519e-03
3.672203e-04
4.745734e-04
1.368794e-03
6.659942e-04
8.204350e-03
1.504247e-04
3.713158e-05
1.623935e-03
1.311157e-04
4.669773e-04
1.175618e-03
2.615121e-04
2.179322e-04
1.023850e-04
9.355177e-04
4.666434e-04
1.075863e-03
1.277728e-04
1.076150e-04
9.190555e-05
6.112785e-05
2.527152e-04
8.826817e-05
1.483789e-04
4.671151e-05
6.890342e-05
1.471785e-04
7.128539e-05
9.806504e-05
2.264416e-04
1.144416e-04
7.621615e-04
1.362184e-04
2.823390e-03
7.714859e-05
5.090495e-05
4.331586e-05
5.294628e-03
2.513748e-05
4.180993e-06
1.148285e-05
2.016365e-04
5.060560e-05
7.251639e-05
2.097036e-04
1.279762e-04
2.546773e-04
4.224721e-04
7.629902e-05
5.071991e-05
4.256653e-05
1.184273e-04
1.673803e-03
3.753938e-04
1.768979e-04
5.690681e-04
1.316455e-03
1.793495e-04
4.172472e-05
2.106584e-03
6.217660e-05
1.018216e-03
2.476473e-04
2.932413e-04
5.685596e-04
3.365675e-04
1.108937e-04
1.001147e-04
8.399649e-05
7.942867e-05
4.416425e-04
1.979379e-05
4.363173e-03
4.733215e-04
3.236370e-04
1.943625e-04
1.427743e-04
2.136188e-04
4.184838e-03
6.861152e-05
9.829260e-05
6.397597e-05
9.601036e-05
5.001567e-03
9.904386e-06
2.539063e-03
9.436653e-03
8.887156e-04
2.655209e-04
9.174749e-05
1.595719e-02
9.259920e-04
2.080442e-03
4.711230e-04
6.412222e-04
1.411745e-04
1.125604e-03
4.561436e-04
5.004484e-03
1.074833e-04
7.550888e-05
1.138366e-04
9.419756e-05
1.365677e-04
6.790451e-05
8.407939e-05
8.359476e-04
1.803926e-04
1.702384e-03
2.049810e-04
1.662333e-04
3.718230e-05
1.556728e-04
3.409796e-03
1.615339e-04
2.631773e-04
1.847155e-04
5.879742e-04
3.735357e-03
2.371593e-05
8.704381e-04
1.955656e-04
1.079833e-04
1.484090e-04
7.341315e-04
6.838866e-04
3.630035e-04
2.444763e-04
2.497038e-04
7.577952e-05
6.789328e-03
3.058586e-03
3.017887e-04
2.252859e-05
8.841834e-05
2.375612e-04
3.996407e-04
1.675945e-04
2.140845e-03
1.492046e-03
1.405705e-04
2.328361e-04
1.114898e-04
3.592143e-04
1.531841e-04
1.232850e-04
3.745732e-05
2.616789e-04
2.244386e-04
7.564410e-06
9.193211e-04
2.415097e-04
1.955500e-04
1.861946e-04
4.597674e-04
2.082575e-04
2.380850e-04
9.819795e-05
1.521120e-03
1.478467e-03
2.685574e-04
1.791697e-04
1.011826e-04
9.060651e-04
1.822421e-04
3.238107e-04
8.583699e-03
8.479117e-03
2.745580e-04
9.613069e-05
1.168283e-03
4.169262e-04
1.657029e-03
2.093474e-04
5.136163e-04
2.624578e-04
4.299487e-04
1.471104e-02
1.017292e-03
2.250455e-03
8.420597e-04
1.038688e-03
1.234378e-04
2.702229e-04
2.534404e-04
1.318156e-03
1.786513e-04
6.185310e-04
1.658574e-03
8.766547e-04
2.309504e-04
4.538601e-03
3.640983e-04
3.537757e-05
5.095343e-05
1.350077e-04
7.094022e-04
7.482121e-05
2.190451e-05
8.426154e-05
5.454090e-05
1.301761e-04
2.453608e-04
1.717793e-03
1.185447e-04
1.897371e-04
3.967957e-04
2.200721e-04
1.696728e-03
8.266370e-04
6.592218e-03
1.551013e-04
7.042944e-04
9.728970e-04
1.513012e-04
5.163840e-04
4.456127e-04
3.550108e-04
4.707867e-05
4.749143e-04
1.435430e-04
3.656354e-04
3.306296e-04
3.338223e-03
1.670777e-03
3.247394e-04
4.528246e-03
1.926420e-03
1.120954e-04
8.457749e-04
3.401069e-04
2.835216e-04
1.437132e-04
1.084950e-04
3.016011e-04
4.295012e-04
4.204117e-04
4.086237e-04
4.028950e-05
4.157244e-04
1.404603e-04
3.204805e-04
4.014323e-04
2.443615e-04
3.740699e-04
3.736693e-04
1.230517e-04
1.518442e-05
2.208198e-04
4.580727e-05
4.782751e-05
2.018125e-03
2.153737e-05
1.735794e-04
8.102816e-05
2.296384e-04
1.105097e-04
5.202119e-04
2.956944e-04
5.946663e-04
1.920799e-04
8.272196e-05
3.936100e-05
1.030883e-05
4.803203e-05
1.695997e-04
1.120798e-03
3.673913e-04
2.675839e-04
1.410104e-04
8.511876e-05
1.124058e-04
3.801158e-04
1.179395e-04
7.826983e-05
2.117490e-04
2.053091e-04
1.305018e-04
1.158059e-03
2.273757e-06
6.124713e-04
3.735352e-05
1.173657e-04
4.087880e-04
2.909071e-04
3.144894e-04
2.955091e-04
2.041132e-04
9.314976e-05
1.797752e-04
1.371633e-04
1.742061e-03
3.462567e-04
1.625439e-05
6.684144e-05
4.618364e-05
7.824055e-04
2.445344e-04
8.925539e-04
1.925638e-04
3.674479e-04
5.049080e-05
4.389669e-05
1.427291e-03
2.200946e-04
8.846146e-03
1.726885e-04
2.427548e-04
4.170537e-04
5.193468e-04
3.384694e-04
1.238054e-02
1.270368e-04
6.044033e-05
2.651026e-04
2.836201e-04
1.416718e-04
3.215900e-04
1.034874e-04
9.868828e-05
5.692348e-05
3.832429e-04
3.065361e-04
1.226559e-04
6.158798e-05
1.119880e-04
8.174855e-05
1.853813e-04
6.694987e-05
6.699475e-05
1.345518e-03
1.266961e-04
1.293061e-05
3.665278e-05
9.633520e-05
1.120313e-03
3.370709e-04
8.787177e-05
8.747631e-06
2.123684e-05
2.738953e-05
8.680480e-05
7.264140e-04
1.983110e-05
1.805082e-04
1.353048e-05
3.411005e-04
3.796206e-05
4.378225e-04
5.018989e-05
2.033214e-04
1.894680e-04
1.708574e-04
7.252657e-05
6.847183e-04
1.049987e-02
1.722931e-03
6.622891e-04
2.423043e-04
3.053983e-04
9.487317e-04
3.246807e-04
1.246676e-04
2.368057e-04
1.553819e-04
1.681730e-04
6.639154e-03
1.408051e-03
5.417490e-05
4.736740e-04
6.343641e-04
1.614921e-04
4.011379e-05
4.310495e-05
1.254839e-04
3.083982e-04
3.190011e-04
6.044859e-04
3.371492e-04
3.499379e-04
3.464066e-04
4.864607e-05
3.555784e-05
1.804712e-04
8.737012e-03
2.843699e-04
2.304264e-04
9.395815e-04
1.505091e-04
6.106409e-04
1.222989e-03
2.094328e-04
9.414821e-06
2.127879e-04
1.422160e-04
9.800838e-05
1.927477e-04
3.012513e-05
6.147880e-05
1.962984e-04
8.177815e-05
1.110398e-02
1.501013e-04
8.432463e-04
1.769341e-03
2.203297e-04
8.166974e-04
2.414983e-03
6.059937e-04
1.987500e-03
2.147438e-04
6.262814e-04
7.808464e-04
1.494604e-04
1.124732e-04
4.106817e-04
1.555188e-02
8.532213e-05
1.134694e-04
1.749603e-04
2.333173e-03
3.214683e-04
1.730184e-05
4.782943e-06
5.348846e-04
1.608740e-04
6.217542e-04
3.262851e-04
1.071619e-04
1.464492e-04
1.230899e-04
5.591133e-05
2.677653e-04
2.471516e-03
5.312683e-04
5.260718e-04
8.313214e-04
7.967730e-04
2.289157e-04
2.976773e-03
6.678257e-05
1.185658e-04
2.129714e-04
4.859541e-04
1.568453e-04
2.814462e-05
1.539301e-04
1.552629e-04
3.344412e-04
9.099282e-05
4.957495e-05
1.092590e-04
2.711482e-04
3.713592e-04
3.467755e-04
7.147682e-05
1.764068e-04
7.166682e-03
4.212558e-05
2.338326e-05
2.723749e-04
7.626912e-04
1.054840e-03
1.107718e-04
1.653107e-03
7.966213e-04
1.855841e-03
1.525941e-04
5.931977e-06
4.209018e-04
1.160400e-03
4.584574e-05
3.323625e-04
2.967323e-04
2.708308e-04
2.100396e-05
1.425805e-04
5.630998e-04
4.910716e-04
3.603369e-05
2.039746e-05
2.243381e-05
8.248050e-06
2.209085e-05
7.883225e-04
3.867769e-06
9.260935e-05
8.394672e-06
3.353896e-04
3.292924e-04
2.606163e-04
5.240929e-04
4.456397e-04
1.700087e-04
2.528383e-04
2.435445e-04
1.777047e-05
5.327514e-04
1.266966e-04
5.707081e-05
8.282861e-03
8.794069e-05
6.232584e-05
8.762787e-05
4.196002e-05
1.185056e-03
1.347963e-02
