 0.000063012985
 0.001365202710
 0.000205184194
 0.000163449034
 0.003568480471
 0.001782734392
 0.000389790910
 0.000963032313
 0.000255401689
 0.002282093403
 0.000481581525
 0.000118633717
 0.000107175265
 0.000453470309
 0.000464865404
 0.000220363899
 0.000361604833
 0.000093810583
 0.000624180209
 0.000171301301
 0.003027180302
 0.000221867798
 0.000632172645
 0.000071852590
 0.002104582827
 0.000235992861
 0.000092316084
 0.000954664428
 0.001533318903
 0.000695283090
 0.000733028678
 0.000386245914
 0.000080448802
 0.000054595292
 0.000282590056
 0.003601126170
 0.000369619626
 0.006895519881
 0.000300391228
 0.000091464861
 0.000020659078
 0.000157315106
 0.000379644549
 0.000050855217
 0.000875112140
 0.000713807849
 0.000030520568
 0.000023305974
 0.000086855968
 0.000435855515
 0.000025940227
 0.000091422060
 0.000548962674
 0.000532831787
 0.000108681196
 0.000383315753
 0.001989547053
 0.000540375353
 0.000157626734
 0.000829384819
 0.000447676338
 0.000168747350
 0.000723684466
 0.000119936772
 0.001788108068
 0.000451635540
 0.004023272992
 0.000582281313
 0.000492879481
 0.000076985580
 0.000550349398
 0.000040567869
 0.001257060594
 0.002459786435
 0.001151368067
 0.000095067441
 0.000134399932
 0.000128053346
 0.000595552607
 0.000116117720
 0.001956993045
 0.000272505252
 0.000192724378
 0.000106199673
 0.001077132727
 0.001372217722
 0.001812500012
 0.002054099630
 0.000179261045
 0.000515178425
 0.000412519672
 0.001916730257
 0.000078569402
 0.002879103396
 0.000134314867
 0.000705642064
 0.000236261971
 0.000179713726
 0.000480292368
 0.000244748996
 0.000332304276
 0.000175642581
 0.000089055996
 0.000289345840
 0.012836553433
 0.000997335518
 0.011209399418
 0.000651301598
 0.000315165917
 0.000092284152
 0.001052966301
 0.000458333432
 0.000228046948
 0.000272917581
 0.000054879817
 0.000239434556
 0.000075907171
 0.000192210326
 0.000113426038
 0.000082306949
 0.000111286354
 0.000185355922
 0.000174874083
 0.001246035490
 0.000370477339
 0.000115703964
 0.000096966314
 0.000278458387
 0.000764810498
 0.000041245080
 0.001564641778
 0.000147834229
 0.002440927494
 0.000610214746
 0.000414096558
 0.006777746892
 0.000456908250
 0.000073470493
 0.000236368608
 0.000291967946
 0.000421809808
 0.003377398226
 0.000161590634
 0.000193717504
 0.000547080090
 0.002709562053
 0.000161760559
 0.001224998142
 0.000685291090
 0.000393806539
 0.000531317758
 0.000046914465
 0.000412920294
 0.000782575914
 0.000255908167
 0.000102459230
 0.000747737234
 0.000881703680
 0.000964941411
 0.000068461469
 0.000122022991
 0.000387844679
 0.000071550376
 0.000237178487
 0.000081741113
 0.000983415726
 0.001881531530
 0.000324372985
 0.000127079098
 0.000580249255
 0.000226990730
 0.005476454384
 0.008546061089
 0.004576714646
 0.000320043954
 0.000055941170
 0.000055763377
 0.010352368987
 0.000571282428
 0.000088590822
 0.000013409417
 0.000504072345
 0.000691996176
 0.001743400961
 0.000174710225
 0.000025596523
 0.000128460388
 0.000659398391
 0.000016522709
 0.000102941097
 0.000229269490
 0.000034201049
 0.000114338987
 0.000288168826
 0.006623579537
 0.000082196403
 0.000561734185
 0.000146873469
 0.002802833444
 0.000569840498
 0.000140057865
 0.000237862595
 0.000725675233
 0.000504973781
 0.001525526402
 0.000252365342
 0.000081234176
 0.009932357898
 0.023291605296
 0.003271867078
 0.000521695429
 0.000228051104
 0.000607032095
 0.000510094177
 0.003893208071
 0.001811309051
 0.000210778245
 0.000388113619
 0.000135818819
 0.003010425238
 0.000088787843
 0.000008699461
 0.000149700194
 0.000233288461
 0.001420016274
 0.001111023850
 0.000233599738
 0.000046538330
 0.000106644742
 0.000148638618
 0.000351376219
 0.000146288699
 0.000194443279
 0.000165708757
 0.000057760099
 0.000967496442
 0.000366762452
 0.000211199835
 0.000461510827
 0.000160283724
 0.000084322723
 0.000236765545
 0.037399797736
 0.000197391076
 0.000003354720
 0.000480819604
 0.001658016280
 0.000430020194
 0.000458691675
 0.000529559117
 0.000060306653
 0.000051366180
 0.014923035005
 0.000134451355
 0.000043248508
 0.002267948328
 0.001033643009
 0.003406048582
 0.000095828157
 0.000125914047
 0.000903944736
 0.000059900501
 0.000586357836
 0.000080971658
 0.000139762861
 0.000730380782
 0.000225144731
 0.000102642552
 0.000049638552
 0.000054299883
 0.000348936157
 0.002214122812
 0.000264633412
 0.000160278466
 0.000052168218
 0.000264810645
 0.003552048331
 0.000071084399
 0.000076853800
 0.000245625008
 0.000340940250
 0.000895963380
 0.003613805175
 0.003035287208
 0.000333774145
 0.000906760966
 0.000282584266
 0.000077374289
 0.000147700377
 0.000461829583
 0.000661609640
 0.000335030815
 0.000295493063
 0.000196485961
 0.000128171825
 0.000353966019
 0.000078936017
 0.000570333153
 0.001348489666
 0.000080513690
 0.000466643855
 0.000066897248
 0.000371752858
 0.000104558045
 0.000894661815
 0.000915113169
 0.000137008950
 0.002291196247
 0.000063566329
 0.000737407318
 0.000440161152
 0.000091689080
 0.002178007597
 0.000106445264
 0.000099477083
 0.000071641822
 0.000166290707
 0.000801032163
 0.000239191498
 0.000399029843
 0.000643416576
 0.000119666893
 0.000606060336
 0.000516290424
 0.000756302183
 0.000377338740
 0.001782249773
 0.000257154155
 0.000481528297
 0.000467772102
 0.000551679226
 0.000234322584
 0.002894037006
 0.003226747689
 0.002998308566
 0.000417302615
 0.000512155335
 0.000193614561
 0.000373911567
 0.001387575713
 0.000059768068
 0.001313995400
 0.004087926088
 0.000644343134
 0.003973699525
 0.000979054557
 0.000588977950
 0.000511219717
 0.001954737880
 0.000395397759
 0.005383223094
 0.000090029026
 0.000358838892
 0.000799651762
 0.000906716861
 0.000551370594
 0.000272004811
 0.000039880917
 0.000517849717
 0.000939075637
 0.001094426505
 0.000721581784
 0.001278102787
 0.056644116110
 0.000047335017
 0.000158408740
 0.000047860502
 0.001619906871
 0.001287358208
 0.003428728314
 0.000393432382
 0.000336557858
 0.000217578138
 0.000409058603
 0.000170791518
 0.006141839928
 0.000628350417
 0.000898649945
 0.003918075005
 0.000446262903
 0.000702216153
 0.002022656698
 0.000605778269
 0.000044661907
 0.000327810898
 0.000172728973
 0.000067570387
 0.000099163359
 0.000024789484
 0.000374287962
 0.000239845164
 0.000170072400
 0.000109873684
 0.001258960743
 0.000270887214
 0.000149425978
 0.000139199735
 0.000245496908
 0.000983440873
 0.000273364497
 0.000349028416
 0.003600886113
 0.000660268796
 0.000169777381
 0.000259923673
 0.000545919100
 0.001230215824
 0.000354327333
 0.000094911857
 0.000207355328
 0.000058614645
 0.000090891568
 0.000197320381
 0.002150966226
 0.000039298672
 0.000207626532
 0.000267132475
 0.000116493708
 0.000398393331
 0.002008816586
 0.000292512860
 0.001800739627
 0.001207564024
 0.000165329433
 0.002395623068
 0.000089036717
 0.000491183167
 0.000265639026
 0.000442703885
 0.000089760303
 0.000184374738
 0.003428137831
 0.001675933955
 0.000058784774
 0.000296216926
 0.007752774900
 0.000125209996
 0.000365466777
 0.000604686210
 0.000105174673
 0.000200236177
 0.001035544877
 0.000303798670
 0.000716450277
 0.000337712904
 0.000140224869
 0.000068741338
 0.000112335328
 0.004317602755
 0.001085012810
 0.002345616884
 0.001052966654
 0.000720862368
 0.001377826574
 0.000407968096
 0.002170847853
 0.000160268430
 0.000084518437
 0.000020189880
 0.007195379964
 0.000462074049
 0.000131716834
 0.000045039301
 0.007421810555
 0.000091194030
 0.000110450217
 0.001062284591
 0.000161039471
 0.000442194479
 0.000105255781
 0.017465327049
 0.003406926960
 0.000243390368
 0.016785285912
 0.000124685195
 0.000837347493
 0.000215494418
 0.000312204065
 0.000248743985
 0.000143299775
 0.001014519055
 0.000367220325
 0.000474573386
 0.001368794218
 0.000665994220
 0.008204350354
 0.000150424693
 0.000037131580
 0.001623934778
 0.000131115661
 0.000466977286
 0.001175618077
 0.000261512053
 0.000217932247
 0.000102384971
 0.000935517690
 0.000466643447
 0.001075862535
 0.000127772842
 0.000107614961
 0.000091905548
 0.000061127847
 0.000252715204
 0.000088268169
 0.000148378856
 0.000046711515
 0.000068903424
 0.000147178496
 0.000071285394
 0.000098065038
 0.000226441594
 0.000114441595
 0.000762161550
 0.000136218364
 0.002823389626
 0.000077148594
 0.000050904947
 0.000043315863
 0.005294627947
 0.000025137481
 0.000004180993
 0.000011482850
 0.000201636539
 0.000050605595
 0.000072516389
 0.000209703621
 0.000127976243
 0.000254677319
 0.000422472142
 0.000076299022
 0.000050719914
 0.000042566534
 0.000118427292
 0.001673802652
 0.000375393804
 0.000176897867
 0.000569068109
 0.001316454683
 0.000179349519
 0.000041724722
 0.002106584102
 0.000062176604
 0.001018215777
 0.000247647266
 0.000293241260
 0.000568559620
 0.000336567532
 0.000110893720
 0.000100114719
 0.000083996488
 0.000079428672
 0.000441642458
 0.000019793787
 0.004363172780
 0.000473321486
 0.000323637040
 0.000194362487
 0.000142774323
 0.000213618806
 0.004184837561
 0.000068611520
 0.000098292597
 0.000063975965
 0.000096010361
 0.005001567254
 0.000009904386
 0.002539063045
 0.009436653121
 0.000888715577
 0.000265520881
 0.000091747486
 0.015957190178
 0.000925991959
 0.002080441946
 0.000471123033
 0.000641222232
 0.000141174523
 0.001125604398
 0.000456143585
 0.005004484057
 0.000107483298
 0.000075508880
 0.000113836572
 0.000094197557
 0.000136567670
 0.000067904509
 0.000084079389
 0.000835947620
 0.000180392565
 0.001702384316
 0.000204980980
 0.000166233307
 0.000037182304
 0.000155672796
 0.003409795959
 0.000161533891
 0.000263177292
 0.000184715485
 0.000587974213
 0.003735356584
 0.000023715927
 0.000870438137
 0.000195565627
 0.000107983294
 0.000148409038
 0.000734131460
 0.000683886611
 0.000363003462
 0.000244476266
 0.000249703782
 0.000075779522
 0.006789328473
 0.003058585713
 0.000301788744
 0.000022528586
 0.000088418336
 0.000237561237
 0.000399640653
 0.000167594455
 0.002140845166
 0.001492045758
 0.000140570527
 0.000232836095
 0.000111489839
 0.000359214321
 0.000153184100
 0.000123284980
 0.000037457324
 0.000261678944
 0.000224438581
 0.000007564410
 0.000919321137
 0.000241509742
 0.000195550038
 0.000186194623
 0.000459767410
 0.000208257540
 0.000238084999
 0.000098197945
 0.001521120436
 0.001478467212
 0.000268557430
 0.000179169691
 0.000101182579
 0.000906065132
 0.000182242051
 0.000323810721
 0.008583699365
 0.008479117207
 0.000274558023
 0.000096130690
 0.001168283141
 0.000416926227
 0.001657029054
 0.000209347372
 0.000513616277
 0.000262457826
 0.000429948706
 0.014711042281
 0.001017292440
 0.002250454600
 0.000842059706
 0.001038688198
 0.000123437775
 0.000270222950
 0.000253440361
 0.001318156388
 0.000178651328
 0.000618531020
 0.001658574048
 0.000876654749
 0.000230950424
 0.004538601185
 0.000364098269
 0.000035377569
 0.000050953428
 0.000135007745
 0.000709402172
 0.000074821212
 0.000021904511
 0.000084261538
 0.000054540904
 0.000130176131
 0.000245360785
 0.001717792502
 0.000118544661
 0.000189737142
 0.000396795704
 0.000220072058
 0.001696727533
 0.000826636979
 0.006592217533
 0.000155101304
 0.000704294411
 0.000972896992
 0.000151301196
 0.000516383978
 0.000445612672
 0.000355010790
 0.000047078671
 0.000474914316
 0.000143542992
 0.000365635384
 0.000330629608
 0.003338222588
 0.001670776552
 0.000324739431
 0.004528246465
 0.001926420018
 0.000112095372
 0.000845774945
 0.000340106928
 0.000283521594
 0.000143713204
 0.000108494982
 0.000301601074
 0.000429501229
 0.000420411658
 0.000408623686
 0.000040289497
 0.000415724393
 0.000140460312
 0.000320480532
 0.000401432340
 0.000244361542
 0.000374069872
 0.000373669333
 0.000123051704
 0.000015184416
 0.000220819758
 0.000045807274
 0.000047827510
 0.002018124641
 0.000021537369
 0.000173579363
 0.000081028155
 0.000229638422
 0.000110509716
 0.000520211890
 0.000295694431
 0.000594666334
 0.000192079850
 0.000082721964
 0.000039361000
 0.000010308828
 0.000048032033
 0.000169599727
 0.001120798171
 0.000367391346
 0.000267583891
 0.000141010422
 0.000085118761
 0.000112405785
 0.000380115802
 0.000117939482
 0.000078269835
 0.000211749003
 0.000205309050
 0.000130501757
 0.001158059130
 0.000002273757
 0.000612471329
 0.000037353523
 0.000117365674
 0.000408787986
 0.000290907085
 0.000314489370
 0.000295509125
 0.000204113206
 0.000093149765
 0.000179775235
 0.000137163256
 0.001742060935
 0.000346256678
 0.000016254392
 0.000066841435
 0.000046183636
 0.000782405497
 0.000244534378
 0.000892553863
 0.000192563819
 0.000367447912
 0.000050490805
 0.000043896694
 0.001427290657
 0.000220094624
 0.008846145949
 0.000172688522
 0.000242754799
 0.000417053660
 0.000519346770
 0.000338469380
 0.012380535804
 0.000127036774
 0.000060440334
 0.000265102560
 0.000283620066
 0.000141671760
 0.000321589968
 0.000103487396
 0.000098688277
 0.000056923480
 0.000383242853
 0.000306536067
 0.000122655922
 0.000061587984
 0.000111987981
 0.000081748546
 0.000185381318
 0.000066949869
 0.000066994751
 0.001345518415
 0.000126696137
 0.000012930610
 0.000036652780
 0.000096335196
 0.001120313163
 0.000337070881
 0.000087871771
 0.000008747631
 0.000021236842
 0.000027389529
 0.000086804800
 0.000726414004
 0.000019831101
 0.000180508216
 0.000013530476
 0.000341100477
 0.000037962059
 0.000437822471
 0.000050189893
 0.000203321441
 0.000189468002
 0.000170857367
 0.000072526566
 0.000684718348
 0.010499871128
 0.001722930657
 0.000662289066
 0.000242304299
 0.000305398291
 0.000948731731
 0.000324680747
 0.000124667597
 0.000236805732
 0.000155381883
 0.000168173016
 0.006639153549
 0.001408050636
 0.000054174902
 0.000473673982
 0.000634364131
 0.000161492078
 0.000040113787
 0.000043104947
 0.000125483917
 0.000308398238
 0.000319001094
 0.000604485915
 0.000337149208
 0.000349937940
 0.000346406569
 0.000048646072
 0.000035557844
 0.000180471211
 0.008737011867
 0.000284369881
 0.000230426427
 0.000939581489
 0.000150509094
 0.000610640901
 0.001222988545
 0.000209432777
 0.000009414821
 0.000212787924
 0.000142216017
 0.000098008381
 0.000192747731
 0.000030125131
 0.000061478795
 0.000196298431
 0.000081778149
 0.011103977159
 0.000150101284
 0.000843246343
 0.001769341031
 0.000220329721
 0.000816697388
 0.002414982960
 0.000605993737
 0.001987499639
 0.000214743771
 0.000626281439
 0.000780846437
 0.000149460425
 0.000112473212
 0.000410681733
 0.015551880865
 0.000085322128
 0.000113469354
 0.000174960319
 0.002333173401
 0.000321468301
 0.000017301839
 0.000004782943
 0.000534884580
 0.000160874040
 0.000621754157
 0.000326285121
 0.000107161928
 0.000146449159
 0.000123089915
 0.000055911327
 0.000267765278
 0.002471515924
 0.000531268263
 0.000526071787
 0.000831321420
 0.000796773026
 0.000228915666
 0.002976773252
 0.000066782567
 0.000118565808
 0.000212971365
 0.000485954079
 0.000156845264
 0.000028144617
 0.000153930099
 0.000155262869
 0.000334441209
 0.000090992821
 0.000049574948
 0.000109258965
 0.000271148225
 0.000371359231
 0.000346775512
 0.000071476816
 0.000176406765
 0.007166682191
 0.000042125581
 0.000023383256
 0.000272374949
 0.000762691180
 0.001054840336
 0.000110771828
 0.001653107008
 0.000796621263
 0.001855840914
 0.000152594097
 0.000005931977
 0.000420901773
 0.001160400384
 0.000045845736
 0.000332362493
 0.000296732350
 0.000270830784
 0.000021003962
 0.000142580529
 0.000563099787
 0.000491071619
 0.000036033690
 0.000020397460
 0.000022433810
 0.000008248050
 0.000022090848
 0.000788322452
 0.000003867769
 0.000092609352
 0.000008394672
 0.000335389580
 0.000329292422
 0.000260616251
 0.000524092925
 0.000445639743
 0.000170008703
 0.000252838271
 0.000243544452
 0.000017770474
 0.000532751445
 0.000126696566
 0.000057070815
 0.008282861181
 0.000087940690
 0.000062325842
 0.000087627870
 0.000041960022
 0.001185055759
 0.013479632848
