0.040 0.029 0.018 0.017 0.007 0.005 0.021 0.017 0.014 0.008 0.010 0.016 0.011 0.009 0.013 0.009 0.003 0.002 0.002 0.003 0.009 0.005 0.004 0.007 0.009 0.009 0.007 0.009 0.010 0.005 0.009 0.009 0.006 0.006 0.007 0.006 0.011 0.002
0.029 0.056 0.026 0.025 0.010 0.015 0.043 0.034 0.029 0.019 0.021 0.026 0.009 0.007 0.016 0.012 0.005 0.004 0.002 0.005 0.010 0.006 0.006 0.009 0.012 0.012 0.009 0.012 0.013 0.005 0.007 0.008 0.004 0.004 0.004 0.008 0.018 0.004
0.018 0.026 0.039 0.026 0.017 0.009 0.016 0.014 0.013 0.005 0.009 0.015 0.006 0.005 0.012 0.011 0.004 0.003 0.002 0.005 0.011 0.005 0.005 0.010 0.011 0.009 0.006 0.011 0.011 0.005 0.005 0.006 0.004 0.004 0.004 0.004 0.008 0.003
0.017 0.025 0.026 0.121 0.081 0.029 0.039 0.039 0.065 0.031 0.017 0.081 0.036 0.016 0.073 0.070 0.008 0.008 0.004 0.011 0.053 0.021 0.012 0.044 0.061 0.048 0.013 0.048 0.052 0.023 0.020 0.037 0.021 0.026 0.025 0.025 0.024 0.011
0.007 0.010 0.017 0.081 0.114 0.039 0.032 0.038 0.049 0.039 0.030 0.073 0.026 0.017 0.066 0.064 0.008 0.008 0.018 0.008 0.040 0.016 0.025 0.036 0.044 0.046 0.026 0.051 0.054 0.020 0.020 0.046 0.022 0.023 0.033 0.034 0.036 0.018
0.005 0.015 0.009 0.029 0.039 0.064 0.045 0.040 0.035 0.028 0.022 0.031 0.017 0.016 0.026 0.016 0.008 0.006 0.003 0.003 0.006 0.005 0.007 0.006 0.008 0.009 0.006 0.007 0.008 0.006 0.008 0.012 0.007 0.006 0.006 0.009 0.019 0.008
0.021 0.043 0.016 0.039 0.032 0.045 0.080 0.064 0.050 0.036 0.030 0.043 0.024 0.020 0.030 0.017 0.008 0.006 0.003 0.002 0.007 0.007 0.009 0.006 0.010 0.013 0.012 0.009 0.011 0.006 0.008 0.012 0.006 0.006 0.006 0.013 0.028 0.011
0.017 0.034 0.014 0.039 0.038 0.040 0.064 0.102 0.065 0.045 0.047 0.059 0.028 0.028 0.042 0.021 0.009 0.007 0.004 0.002 0.008 0.009 0.015 0.007 0.011 0.020 0.020 0.010 0.016 0.011 0.011 0.019 0.010 0.010 0.010 0.016 0.033 0.012
0.014 0.029 0.013 0.065 0.049 0.035 0.050 0.065 0.145 0.066 0.045 0.100 0.063 0.024 0.060 0.068 0.014 0.013 0.006 0.004 0.039 0.023 0.017 0.022 0.052 0.044 0.023 0.042 0.053 0.025 0.028 0.044 0.031 0.032 0.028 0.043 0.049 0.016
0.008 0.019 0.005 0.031 0.039 0.028 0.036 0.045 0.066 0.133 0.084 0.091 0.052 0.040 0.059 0.051 0.022 0.015 0.021 0.004 0.016 0.008 0.034 0.013 0.020 0.043 0.040 0.027 0.038 0.021 0.019 0.040 0.018 0.017 0.034 0.036 0.046 0.018
0.010 0.021 0.009 0.017 0.030 0.022 0.030 0.047 0.045 0.084 0.155 0.106 0.051 0.053 0.063 0.047 0.025 0.022 0.026 0.011 0.017 0.012 0.045 0.017 0.016 0.045 0.052 0.032 0.042 0.025 0.028 0.048 0.025 0.020 0.030 0.028 0.047 0.017
0.016 0.026 0.015 0.081 0.073 0.031 0.043 0.059 0.100 0.091 0.106 0.247 0.114 0.069 0.140 0.138 0.036 0.027 0.030 0.019 0.074 0.041 0.056 0.056 0.090 0.100 0.064 0.087 0.103 0.048 0.053 0.093 0.055 0.055 0.054 0.066 0.083 0.032
0.011 0.009 0.006 0.036 0.026 0.017 0.024 0.028 0.063 0.052 0.051 0.114 0.155 0.087 0.084 0.082 0.038 0.023 0.012 0.010 0.037 0.021 0.029 0.020 0.039 0.045 0.036 0.034 0.050 0.039 0.044 0.054 0.045 0.041 0.034 0.038 0.051 0.015
0.009 0.007 0.005 0.016 0.017 0.016 0.020 0.028 0.024 0.040 0.053 0.069 0.087 0.129 0.086 0.051 0.041 0.028 0.015 0.012 0.014 0.011 0.035 0.014 0.014 0.036 0.039 0.017 0.020 0.028 0.030 0.037 0.032 0.027 0.024 0.012 0.038 0.012
0.013 0.016 0.012 0.073 0.066 0.026 0.030 0.042 0.060 0.059 0.063 0.140 0.084 0.086 0.223 0.133 0.044 0.037 0.041 0.024 0.068 0.033 0.053 0.058 0.079 0.092 0.056 0.075 0.080 0.048 0.050 0.079 0.051 0.047 0.055 0.049 0.073 0.028
0.009 0.012 0.011 0.070 0.064 0.016 0.017 0.021 0.068 0.051 0.047 0.138 0.082 0.051 0.133 0.210 0.056 0.045 0.040 0.022 0.079 0.045 0.055 0.062 0.093 0.096 0.049 0.086 0.097 0.046 0.048 0.086 0.051 0.053 0.055 0.059 0.070 0.028
0.003 0.005 0.004 0.008 0.008 0.008 0.008 0.009 0.014 0.022 0.025 0.036 0.038 0.041 0.044 0.056 0.116 0.058 0.029 0.020 0.025 0.025 0.049 0.020 0.018 0.037 0.038 0.016 0.019 0.025 0.017 0.023 0.016 0.013 0.017 0.016 0.029 0.011
0.002 0.004 0.003 0.008 0.008 0.006 0.006 0.007 0.013 0.015 0.022 0.027 0.023 0.028 0.037 0.045 0.058 0.112 0.047 0.034 0.036 0.024 0.049 0.024 0.020 0.030 0.033 0.021 0.021 0.021 0.019 0.024 0.019 0.013 0.011 0.016 0.030 0.010
0.002 0.002 0.002 0.004 0.018 0.003 0.003 0.004 0.006 0.021 0.026 0.030 0.012 0.015 0.041 0.040 0.029 0.047 0.090 0.042 0.030 0.019 0.045 0.017 0.017 0.036 0.032 0.026 0.026 0.013 0.012 0.028 0.012 0.010 0.024 0.026 0.036 0.017
0.003 0.005 0.005 0.011 0.008 0.003 0.002 0.002 0.004 0.004 0.011 0.019 0.010 0.012 0.024 0.022 0.020 0.034 0.042 0.075 0.046 0.019 0.041 0.031 0.021 0.022 0.021 0.015 0.013 0.014 0.010 0.010 0.008 0.007 0.007 0.007 0.015 0.008
0.009 0.010 0.011 0.053 0.040 0.006 0.007 0.008 0.039 0.016 0.017 0.074 0.037 0.014 0.068 0.079 0.025 0.036 0.030 0.046 0.135 0.055 0.044 0.061 0.076 0.058 0.020 0.058 0.067 0.034 0.033 0.049 0.036 0.034 0.025 0.035 0.035 0.011
0.005 0.006 0.005 0.021 0.016 0.005 0.007 0.009 0.023 0.008 0.012 0.041 0.021 0.011 0.033 0.045 0.025 0.024 0.019 0.019 0.055 0.092 0.045 0.038 0.047 0.041 0.014 0.030 0.034 0.018 0.021 0.036 0.023 0.021 0.010 0.018 0.024 0.008
0.004 0.006 0.005 0.012 0.025 0.007 0.009 0.015 0.017 0.034 0.045 0.056 0.029 0.035 0.053 0.055 0.049 0.049 0.045 0.041 0.044 0.045 0.168 0.071 0.044 0.084 0.080 0.032 0.033 0.035 0.021 0.040 0.017 0.015 0.033 0.033 0.049 0.022
0.007 0.009 0.010 0.044 0.036 0.006 0.006 0.007 0.022 0.013 0.017 0.056 0.020 0.014 0.058 0.062 0.020 0.024 0.017 0.031 0.061 0.038 0.071 0.124 0.088 0.064 0.039 0.056 0.049 0.029 0.025 0.039 0.024 0.026 0.021 0.019 0.024 0.010
0.009 0.012 0.011 0.061 0.044 0.008 0.010 0.011 0.052 0.020 0.016 0.090 0.039 0.014 0.079 0.093 0.018 0.020 0.017 0.021 0.076 0.047 0.044 0.088 0.147 0.097 0.040 0.078 0.084 0.038 0.038 0.058 0.038 0.040 0.034 0.041 0.037 0.013
0.009 0.012 0.009 0.048 0.046 0.009 0.013 0.020 0.044 0.043 0.045 0.100 0.045 0.036 0.092 0.096 0.037 0.030 0.036 0.022 0.058 0.041 0.084 0.064 0.097 0.194 0.096 0.083 0.091 0.064 0.043 0.071 0.039 0.036 0.050 0.051 0.060 0.023
0.007 0.009 0.006 0.013 0.026 0.006 0.012 0.020 0.023 0.040 0.052 0.064 0.036 0.039 0.056 0.049 0.038 0.033 0.032 0.021 0.020 0.014 0.080 0.039 0.040 0.096 0.157 0.071 0.057 0.043 0.044 0.055 0.029 0.023 0.038 0.041 0.055 0.022
0.009 0.012 0.011 0.048 0.051 0.007 0.009 0.010 0.042 0.027 0.032 0.087 0.034 0.017 0.075 0.086 0.016 0.021 0.026 0.015 0.058 0.030 0.032 0.056 0.078 0.083 0.071 0.147 0.109 0.040 0.061 0.085 0.052 0.049 0.038 0.048 0.056 0.018
0.010 0.013 0.011 0.052 0.054 0.008 0.011 0.016 0.053 0.038 0.042 0.103 0.050 0.020 0.080 0.097 0.019 0.021 0.026 0.013 0.067 0.034 0.033 0.049 0.084 0.091 0.057 0.109 0.165 0.067 0.060 0.093 0.057 0.053 0.048 0.057 0.063 0.020
0.005 0.005 0.005 0.023 0.020 0.006 0.006 0.011 0.025 0.021 0.025 0.048 0.039 0.028 0.048 0.046 0.025 0.021 0.013 0.014 0.034 0.018 0.035 0.029 0.038 0.064 0.043 0.040 0.067 0.127 0.065 0.062 0.045 0.038 0.031 0.028 0.039 0.011
0.009 0.007 0.005 0.020 0.020 0.008 0.008 0.011 0.028 0.019 0.028 0.053 0.044 0.030 0.050 0.048 0.017 0.019 0.012 0.010 0.033 0.021 0.021 0.025 0.038 0.043 0.044 0.061 0.060 0.065 0.128 0.093 0.072 0.060 0.035 0.037 0.049 0.013
0.009 0.008 0.006 0.037 0.046 0.012 0.012 0.019 0.044 0.040 0.048 0.093 0.054 0.037 0.079 0.086 0.023 0.024 0.028 0.010 0.049 0.036 0.040 0.039 0.058 0.071 0.055 0.085 0.093 0.062 0.093 0.183 0.103 0.087 0.068 0.061 0.078 0.024
0.006 0.004 0.004 0.021 0.022 0.007 0.006 0.010 0.031 0.018 0.025 0.055 0.045 0.032 0.051 0.051 0.016 0.019 0.012 0.008 0.036 0.023 0.017 0.024 0.038 0.039 0.029 0.052 0.057 0.045 0.072 0.103 0.121 0.089 0.048 0.040 0.055 0.016
0.006 0.004 0.004 0.026 0.023 0.006 0.006 0.010 0.032 0.017 0.020 0.055 0.041 0.027 0.047 0.053 0.013 0.013 0.010 0.007 0.034 0.021 0.015 0.026 0.040 0.036 0.023 0.049 0.053 0.038 0.060 0.087 0.089 0.123 0.066 0.051 0.064 0.022
0.007 0.004 0.004 0.025 0.033 0.006 0.006 0.010 0.028 0.034 0.030 0.054 0.034 0.024 0.055 0.055 0.017 0.011 0.024 0.007 0.025 0.010 0.033 0.021 0.034 0.050 0.038 0.038 0.048 0.031 0.035 0.068 0.048 0.066 0.128 0.075 0.079 0.033
0.006 0.008 0.004 0.025 0.034 0.009 0.013 0.016 0.043 0.036 0.028 0.066 0.038 0.012 0.049 0.059 0.016 0.016 0.026 0.007 0.035 0.018 0.033 0.019 0.041 0.051 0.041 0.048 0.057 0.028 0.037 0.061 0.040 0.051 0.075 0.133 0.099 0.042
0.011 0.018 0.008 0.024 0.036 0.019 0.028 0.033 0.049 0.046 0.047 0.083 0.051 0.038 0.073 0.070 0.029 0.030 0.036 0.015 0.035 0.024 0.049 0.024 0.037 0.060 0.055 0.056 0.063 0.039 0.049 0.078 0.055 0.064 0.079 0.099 0.199 0.075
0.002 0.004 0.003 0.011 0.018 0.008 0.011 0.012 0.016 0.018 0.017 0.032 0.015 0.012 0.028 0.028 0.011 0.010 0.017 0.008 0.011 0.008 0.022 0.010 0.013 0.023 0.022 0.018 0.020 0.011 0.013 0.024 0.016 0.022 0.033 0.042 0.075 0.078
