1.0000 0.0190 0.0036
2.0000 0.0136 0.0023
3.0000 0.0136 0.0024
4.0000 0.0824 0.0156
5.0000 0.0544 0.0070
6.0000 0.0264 0.0030
7.0000 0.0305 0.0083
8.0000 0.0546 0.0069
9.0000 0.0663 0.0075
10.0000 0.0606 0.0074
11.0000 0.0896 0.0142
12.0000 0.1614 0.0218
13.0000 0.0747 0.0129
14.0000 0.0573 0.0066
15.0000 0.1443 0.0160
16.0000 0.1350 0.0120
17.0000 0.0663 0.0060
18.0000 0.0696 0.0049
19.0000 0.0482 0.0093
20.0000 0.0410 0.0084
21.0000 0.0623 0.0084
22.0000 0.0295 0.0028
23.0000 0.1288 0.0145
24.0000 0.0712 0.0089
25.0000 0.0903 0.0242
26.0000 0.1143 0.0146
27.0000 0.0885 0.0126
28.0000 0.0767 0.0189
29.0000 0.0782 0.0131
30.0000 0.0536 0.0063
31.0000 0.0550 0.0112
32.0000 0.1023 0.0105
33.0000 0.0688 0.0128
34.0000 0.0591 0.0109
35.0000 0.0636 0.0114
36.0000 0.0641 0.0122
37.0000 0.1435 0.0144
38.0000 0.0000 0.0000
