1.000000000000000000e+00 0.000000000000000000e+00 0.000000000000000000e+00
2.000000000000000000e+00 0.000000000000000000e+00 0.000000000000000000e+00
3.000000000000000000e+00 1.134719582423193674e-04 7.396972438684584566e-05
4.000000000000000000e+00 1.126209185555019782e-01 1.456291245874841329e-02
5.000000000000000000e+00 1.894130662959916112e-01 1.635030335354896794e-02
6.000000000000000000e+00 2.141499531928172384e-01 1.762796330397248604e-02
7.000000000000000000e+00 2.267169725681540959e-01 2.218173412061621302e-02
8.000000000000000000e+00 2.136109613911661986e-01 2.757044679547401150e-02
9.000000000000000000e+00 2.482482766446341971e-01 3.574766261411593815e-02
1.000000000000000000e+01 2.287878358060764228e-01 3.891748653812561465e-02
1.100000000000000000e+01 2.055828203455221104e-01 3.843075444715392253e-02
1.200000000000000000e+01 2.387166321522793677e-01 3.828769059156738458e-02
1.300000000000000000e+01 2.451561657825309937e-01 3.770214275878117083e-02
1.400000000000000000e+01 2.687583330969334217e-01 3.171096323004743422e-02
1.500000000000000000e+01 2.643896627046041226e-01 3.415983849885313728e-02
1.600000000000000000e+01 1.814700292190292441e-01 3.227688642345428321e-02
1.700000000000000000e+01 1.354004141726475874e-01 2.558159081468277737e-02
1.800000000000000000e+01 1.188902442483901201e-01 1.624991545288392847e-02
1.900000000000000000e+01 2.227170860401123387e-01 2.399430873813508669e-02
2.000000000000000000e+01 2.132989135059998320e-01 2.238825188426461082e-02
2.100000000000000000e+01 2.266886045785935222e-01 2.583981600386527772e-02
2.200000000000000000e+01 2.087032991971858875e-01 2.665763946153617420e-02
2.300000000000000000e+01 2.093841309466398237e-01 3.791057658048457152e-02
2.400000000000000000e+01 2.062069161158548714e-01 3.144895977805715198e-02
2.500000000000000000e+01 2.077387875521261862e-01 3.517335857897384288e-02
2.600000000000000000e+01 1.986893988823012214e-01 3.497926715030923867e-02
2.700000000000000000e+01 2.270006524637598888e-01 3.090681143349940235e-02
2.800000000000000000e+01 2.375535445802955947e-01 2.271424321322143905e-02
2.900000000000000000e+01 2.474823409264985397e-01 1.655177362222269230e-02
3.000000000000000000e+01 2.361635130918271763e-01 2.222155163786106169e-02
3.100000000000000000e+01 1.365635017446313604e-01 1.835762250809705454e-02
3.200000000000000000e+01 1.009333068565430730e-01 1.294119728677028784e-02
3.300000000000000000e+01 7.489149243993077631e-02 8.898208828682719132e-03
3.400000000000000000e+01 1.103231114010950059e-01 1.256394215950495594e-02
3.500000000000000000e+01 1.002808430966497383e-01 1.254793451055262986e-02
3.600000000000000000e+01 8.638052821196562370e-02 1.174105505830701918e-02
3.700000000000000000e+01 0.000000000000000000e+00 0.000000000000000000e+00
3.800000000000000000e+01 0.000000000000000000e+00 0.000000000000000000e+00
