1.000000000000000000e+00 0.000000000000000000e+00 0.000000000000000000e+00
2.000000000000000000e+00 1.515450269006506784e-02 6.851451163871678969e-03
3.000000000000000000e+00 2.901326723190896135e-03 1.128686345603661413e-03
4.000000000000000000e+00 1.971775442945269269e-03 7.037056737168770988e-04
5.000000000000000000e+00 2.253457649080307728e-04 1.541062154901440035e-04
6.000000000000000000e+00 3.661868679755500024e-04 1.680957506740766332e-04
7.000000000000000000e+00 1.353483000478859777e-01 3.573839031957105894e-02
8.000000000000000000e+00 1.276583758203994334e-01 3.189559883198593571e-02
9.000000000000000000e+00 1.345314216500943516e-01 2.858477464631946005e-02
1.000000000000000000e+01 8.943410044787471203e-02 1.567722975132746638e-02
1.100000000000000000e+01 1.629531562491197405e-01 3.653273731802496316e-02
1.200000000000000000e+01 9.278611870088165903e-02 1.594155643155668531e-02
1.300000000000000000e+01 6.042083321596574547e-02 1.581566585630607424e-02
1.400000000000000000e+01 4.095659277203458903e-02 5.310053112860295237e-03
1.500000000000000000e+01 1.577138672150080190e-01 2.738426763689014512e-02
1.600000000000000000e+01 1.295456466015041941e-01 3.496645652108033159e-02
1.700000000000000000e+01 1.476296442353736416e-01 2.544817454668958298e-02
1.800000000000000000e+01 7.253316807977240599e-02 1.146473231212714362e-02
1.900000000000000000e+01 1.250668995239570709e-02 1.561735383346395068e-03
2.000000000000000000e+01 6.230810399707050612e-02 2.965420621449686017e-02
2.100000000000000000e+01 8.357511056026591112e-02 3.092691836441468708e-02
2.200000000000000000e+01 1.468691022788090605e-01 2.641250107490331414e-02
2.300000000000000000e+01 1.946142362186980557e-01 3.301928619867866566e-02
2.400000000000000000e+01 1.691219965634770950e-01 2.454678697952719299e-02
2.500000000000000000e+01 1.764457339229880961e-01 2.293527907729495802e-02
2.600000000000000000e+01 3.397369088194698850e-01 2.951729379651526000e-02
2.700000000000000000e+01 1.195459282837103149e-01 1.525749201030262604e-02
2.800000000000000000e+01 6.295597307118108721e-02 1.288945958620329145e-02
2.900000000000000000e+01 5.377313315117884102e-02 1.737781811876917479e-02
3.000000000000000000e+01 6.780090701670375697e-02 1.393590204732604414e-02
3.100000000000000000e+01 6.709670150136616551e-02 1.411740657212092777e-02
3.200000000000000000e+01 7.774428889327061887e-02 1.716224795882792531e-02
3.300000000000000000e+01 4.391425593645249120e-02 1.161665450985402241e-02
3.400000000000000000e+01 3.219627616123489633e-02 8.959280866544872338e-03
3.500000000000000000e+01 6.951916847412749345e-02 1.117721075800055808e-02
3.600000000000000000e+01 4.746345173375397797e-02 8.447031888870212488e-03
3.700000000000000000e+01 3.501309822258527604e-02 1.126581310837369322e-02
3.800000000000000000e+01 0.000000000000000000e+00 0.000000000000000000e+00
