8.269807678891191172e-01
8.542359480012090556e-01
7.013557824236644755e-01
7.810516034510821548e-01
6.916118229808608797e-01
6.377526104044090038e-01
4.630124880816725158e-02
1.012999697681449263e-01
2.194193158298644308e-01
4.165077556335898823e-01
3.998104695239642625e-01
2.268842585056161376e-01
1.037940978116787955e-01
7.102218553056898198e-01
8.280039999069782608e-01
6.505430106276597346e-01
3.635961954373151395e-01
7.524476174972668518e-01
9.528615613590374345e-01
1.716471709960231962e-01
2.890397897723306908e-01
7.957954466175198860e-02
1.082765517080997025e-01
9.641636241017646769e-02
3.199925583125973888e-02
6.871933210855556140e-02
3.282946908211434311e-01
2.607846329155135146e-01
4.441757168437943451e-03
2.063672937838654242e-01
3.927815632194599921e-02
2.165996139624659367e-01
