1.000000000000000000e+00 0.000000000000000000e+00 0.000000000000000000e+00
2.000000000000000000e+00 4.912100931826187539e-02 4.902205104311135875e-03
3.000000000000000000e+00 4.867270805981619916e-03 6.309836770060831381e-04
4.000000000000000000e+00 1.280860738416215745e-03 1.472275478555766948e-03
5.000000000000000000e+00 1.601075923020269681e-04 1.609196481132084010e-04
6.000000000000000000e+00 3.202151846040539361e-04 4.384745192108463040e-04
7.000000000000000000e+00 1.123955297960229326e-02 5.384552954886863939e-03
8.000000000000000000e+00 9.318261871977968555e-03 4.415251310157916088e-03
9.000000000000000000e+00 5.962406737327483747e-02 2.094239476177562134e-02
1.000000000000000000e+01 7.435396586506132222e-02 1.966544778193286477e-02
1.100000000000000000e+01 8.309584040475199995e-02 1.588764578912205475e-02
1.200000000000000000e+01 7.358544942201158956e-02 1.713137348983663141e-02
1.300000000000000000e+01 7.428992282814051405e-03 2.037576899730161612e-03
1.400000000000000000e+01 2.116622370232796452e-02 8.765875509961247938e-03
1.500000000000000000e+01 7.156809375900605175e-02 1.537849014442125607e-02
1.600000000000000000e+01 7.092766338979794583e-02 1.643775670658845917e-02
1.700000000000000000e+01 8.966025168913509258e-02 1.704125991689908054e-02
1.800000000000000000e+01 4.114765122162093031e-02 1.521814655697700455e-02
1.900000000000000000e+01 1.014761920010246871e-01 1.588761281573513456e-02
2.000000000000000000e+01 3.259790579269269267e-02 1.344532248226772662e-02
2.100000000000000000e+01 8.229530244324186408e-03 2.132930932232636901e-03
2.200000000000000000e+01 2.731435524672579801e-02 2.383779872671851381e-03
2.300000000000000000e+01 3.355855134650485155e-02 5.476183607460436906e-03
2.400000000000000000e+01 2.843510839283998684e-02 1.252557923843988091e-02
2.500000000000000000e+01 3.042044253738512144e-02 1.244566833187357204e-02
2.600000000000000000e+01 1.881584424733420968e-01 2.275150177902791546e-02
2.700000000000000000e+01 1.261647827339972550e-01 2.627887772275817185e-02
2.800000000000000000e+01 6.682890902686605683e-02 2.357805347305379565e-02
2.900000000000000000e+01 4.742386883986038359e-02 2.440150653309109546e-02
3.000000000000000000e+01 3.496749815876269013e-02 1.836417926669090678e-02
3.100000000000000000e+01 4.809632072752889620e-02 1.963358533896337674e-02
3.200000000000000000e+01 4.386948029075538741e-02 7.505587245068907204e-03
3.300000000000000000e+01 3.320631464344039191e-02 4.481826111007280143e-03
3.400000000000000000e+01 3.221364757116782634e-02 4.541630600746322105e-03
3.500000000000000000e+01 4.508629799225079282e-02 4.923460568755646909e-03
3.600000000000000000e+01 6.564411284383105116e-02 1.952089690946076997e-02
3.700000000000000000e+01 1.280860738416215658e-02 5.208362514692256064e-03
3.800000000000000000e+01 0.000000000000000000e+00 0.000000000000000000e+00
