1.000000000000000000e+00 0.000000000000000000e+00 0.000000000000000000e+00
2.000000000000000000e+00 5.427780749284900202e-02 2.084474434252025707e-02
3.000000000000000000e+00 7.023092486221250638e-03 3.016475330149382024e-03
4.000000000000000000e+00 2.697611683449222062e-03 1.655209407862063718e-03
5.000000000000000000e+00 1.860421850654635830e-04 9.590000221234539206e-05
6.000000000000000000e+00 3.720843701309271660e-04 2.486000482197741192e-04
7.000000000000000000e+00 1.174391293225738979e-02 3.826763144388973387e-03
8.000000000000000000e+00 1.346480314411292734e-02 4.218825804837310345e-03
9.000000000000000000e+00 8.730029534196878660e-02 2.261172350501311837e-02
1.000000000000000000e+01 1.054626636589846705e-01 2.073025410442021904e-02
1.100000000000000000e+01 1.189739773493639630e-01 2.870935383795185369e-02
1.200000000000000000e+01 1.023697123322713370e-01 1.738049670529163288e-02
1.300000000000000000e+01 1.155787074719192599e-02 1.748644494215063558e-03
1.400000000000000000e+01 2.734820120462314735e-02 8.262051309042730066e-03
1.500000000000000000e+01 7.330062091579266081e-02 1.145859752674668712e-02
1.600000000000000000e+01 6.088230506267296172e-02 1.200561290715732726e-02
1.700000000000000000e+01 8.899793028069113987e-02 1.710476564455010520e-02
1.800000000000000000e+01 3.609218390269993554e-02 7.678036126507692405e-03
1.900000000000000000e+01 7.869584428269109366e-02 9.781342018093748883e-03
2.000000000000000000e+01 2.779005139415362605e-02 8.176032738091545959e-03
2.100000000000000000e+01 8.069579777214484079e-03 1.320304142626433676e-03
2.200000000000000000e+01 2.844119904188274761e-02 2.000524138803605814e-03
2.300000000000000000e+01 2.946443105974279678e-02 5.670195580478291572e-03
2.400000000000000000e+01 2.644124555242901436e-02 7.716716768355389930e-03
2.500000000000000000e+01 2.941792051347643169e-02 7.940642161089936021e-03
2.600000000000000000e+01 1.834375944745471054e-01 2.142648863950422783e-02
2.700000000000000000e+01 1.496709378851654726e-01 2.610119904265360488e-02
2.800000000000000000e+01 9.802097625636613243e-02 2.414959657395628415e-02
2.900000000000000000e+01 7.646333806190554194e-02 2.517894332799063689e-02
3.000000000000000000e+01 6.155670798353526929e-02 2.055262879845969060e-02
3.100000000000000000e+01 7.509127694704774425e-02 2.279079827350406415e-02
3.200000000000000000e+01 4.683612009023045697e-02 4.634799093502587827e-03
3.300000000000000000e+01 3.541778098183763490e-02 3.491696410670782832e-03
3.400000000000000000e+01 3.744098974442455069e-02 3.778466788391103125e-03
3.500000000000000000e+01 4.916164740354875273e-02 2.931589264327657922e-03
3.600000000000000000e+01 6.630078370270459098e-02 1.115038294598971053e-02
3.700000000000000000e+01 1.055789400246505937e-02 3.458748376847095834e-03
3.800000000000000000e+01 0.000000000000000000e+00 0.000000000000000000e+00
