1.000000000000000000e+00 8.883514336875886902e-03 4.348163107227601305e-03
2.000000000000000000e+00 6.999837213088068097e-03 1.984393121264117765e-03
3.000000000000000000e+00 5.813818283295737674e-03 9.176092303283309550e-04
4.000000000000000000e+00 5.744052463896188315e-03 9.632408453674453979e-04
5.000000000000000000e+00 1.023232017860049815e-03 1.909107422869469966e-04
6.000000000000000000e+00 3.395269877444710444e-03 5.937929530543002970e-04
7.000000000000000000e+00 6.092881560893932506e-03 3.382299560959920945e-03
8.000000000000000000e+00 7.325411036952628879e-03 2.135912279478812282e-03
9.000000000000000000e+00 9.650938350270924643e-03 1.444659372613864940e-03
1.000000000000000000e+01 5.764982209716053296e-02 1.894234164660292888e-02
1.100000000000000000e+01 4.427804004558033579e-02 8.588771276312944999e-03
1.200000000000000000e+01 6.030092323434338430e-02 1.669729027336856395e-02
1.300000000000000000e+01 1.509267226343573472e-02 2.999183247854659423e-03
1.400000000000000000e+01 5.132438780493477071e-02 6.229679365497439725e-03
1.500000000000000000e+01 1.381363224111067239e-02 3.078524147892139524e-03
1.600000000000000000e+01 1.216250784865468247e-02 3.509296725472283232e-03
1.700000000000000000e+01 7.720750680216739020e-03 2.276832979712768712e-03
1.800000000000000000e+01 3.939443268761191885e-02 3.517118635036287511e-03
1.900000000000000000e+01 2.374363386897979100e-02 4.665791137760975232e-03
2.000000000000000000e+01 1.437175879630706206e-02 2.105887873876436354e-03
2.100000000000000000e+01 1.816236831701588395e-02 3.173132529608582632e-03
2.200000000000000000e+01 1.802283667821678523e-02 3.144473153233034394e-03
2.300000000000000000e+01 6.976581939954884688e-03 1.239968603221618853e-03
2.400000000000000000e+01 7.325411036952628879e-03 9.931178638067092793e-04
2.500000000000000000e+01 1.341829259784656225e-02 3.429123033960888422e-03
2.600000000000000000e+01 7.209134671286714438e-03 1.228641281510335593e-03
2.700000000000000000e+01 2.776679612102044004e-02 6.871661268333713150e-03
2.800000000000000000e+01 9.139322341340898326e-03 1.233471176430588762e-03
2.900000000000000000e+01 1.025557545173368112e-02 1.627873992855611044e-03
3.000000000000000000e+01 9.418385618939094026e-03 2.495494617791480744e-03
3.100000000000000000e+01 1.816236831701588395e-02 2.416437362874409786e-03
3.200000000000000000e+01 6.930071393688518738e-03 1.582557088824025886e-03
3.300000000000000000e+01 1.848794214088044299e-02 5.481999125212281068e-03
3.400000000000000000e+01 1.676705192902490718e-02 3.108319718998335274e-03
3.500000000000000000e+01 1.897630287667728677e-02 2.832097960744740274e-03
3.600000000000000000e+01 1.858096323341317663e-02 3.516599183620114366e-03
3.700000000000000000e+01 1.327876095904746354e-02 1.785302193927948682e-03
3.800000000000000000e+01 1.288342131578335339e-02 1.609466736787530444e-03
