0.000000000000000000e+00
0.000000000000000000e+00
0.000000000000000000e+00
0.000000000000000000e+00
0.000000000000000000e+00
0.000000000000000000e+00
4.630124880816725158e-02
1.012999697681449263e-01
1.435780563242715357e-01
0.000000000000000000e+00
0.000000000000000000e+00
1.510429990000232425e-01
2.795283830608590384e-02
0.000000000000000000e+00
0.000000000000000000e+00
0.000000000000000000e+00
0.000000000000000000e+00
0.000000000000000000e+00
0.000000000000000000e+00
0.000000000000000000e+00
0.000000000000000000e+00
0.000000000000000000e+00
0.000000000000000000e+00
0.000000000000000000e+00
3.199925583125973888e-02
0.000000000000000000e+00
0.000000000000000000e+00
0.000000000000000000e+00
4.441757168437943451e-03
0.000000000000000000e+00
3.927815632194599921e-02
0.000000000000000000e+00
