7.664240366503106694e-01
7.936792167624006078e-01
6.407990511848560278e-01
7.204948722122737070e-01
6.310550917420524319e-01
5.771958791656005561e-01
0.000000000000000000e+00
0.000000000000000000e+00
0.000000000000000000e+00
3.406664961279969872e-01
3.239692100183713674e-01
0.000000000000000000e+00
0.000000000000000000e+00
6.343805958000968692e-01
8.280039999069782608e-01
6.505430106276597346e-01
3.635961954373151395e-01
7.524476174972668518e-01
9.528615613590374345e-01
1.716471709960231962e-01
2.890397897723306908e-01
7.957954466175198860e-02
1.082765517080997025e-01
9.641636241017646769e-02
0.000000000000000000e+00
6.871933210855556140e-02
3.282946908211434311e-01
2.607846329155135146e-01
0.000000000000000000e+00
2.063672937838654242e-01
0.000000000000000000e+00
2.165996139624659367e-01
