1.000000000000000000e+00 0.000000000000000000e+00 0.000000000000000000e+00
2.000000000000000000e+00 1.698946653075093577e-04 2.439020898917508052e-04
3.000000000000000000e+00 1.698946653075093577e-04 2.439020898917508052e-04
4.000000000000000000e+00 1.211348963642541604e-01 2.034252405354837132e-02
5.000000000000000000e+00 1.642031940197077877e-01 2.193310675076136015e-02
6.000000000000000000e+00 1.736323479442745399e-01 2.226059128931255626e-02
7.000000000000000000e+00 1.666666666666666574e-01 2.418116105909498548e-02
8.000000000000000000e+00 1.616547740400951505e-01 2.005687579976337190e-02
9.000000000000000000e+00 2.014101257220523300e-01 2.702362129301115468e-02
1.000000000000000000e+01 1.875637104994903048e-01 2.618706070467774483e-02
1.100000000000000000e+01 1.387189942235813878e-01 2.648109978423235020e-02
1.200000000000000000e+01 1.422867821950390688e-01 2.985258755475149114e-02
1.300000000000000000e+01 1.539245667686034713e-01 2.868519232076226222e-02
1.400000000000000000e+01 2.446483180428134507e-01 3.441348495388468071e-02
1.500000000000000000e+01 2.451580020387359726e-01 3.334094642956541427e-02
1.600000000000000000e+01 2.147468569486918055e-01 3.164935491951204743e-02
1.700000000000000000e+01 1.845056065239551457e-01 3.300540621863075341e-02
1.800000000000000000e+01 1.845056065239551457e-01 3.273530576379592855e-02
1.900000000000000000e+01 2.517838939857288683e-01 3.542410615196813634e-02
2.000000000000000000e+01 2.810907237512741963e-01 3.466801576208231039e-02
2.100000000000000000e+01 2.666496772001359372e-01 3.172924206466549990e-02
2.200000000000000000e+01 1.995412844036697220e-01 3.023452719322361482e-02
2.300000000000000000e+01 1.396534148827726918e-01 1.677734215129094222e-02
2.400000000000000000e+01 8.333333333333332871e-02 9.296842212378763487e-03
2.500000000000000000e+01 7.713217804960924295e-02 1.125693312896127417e-02
2.600000000000000000e+01 6.736323479442744844e-02 1.116109234305800134e-02
2.700000000000000000e+01 9.344206591913013782e-02 1.284666803026703573e-02
2.800000000000000000e+01 1.432212028542303728e-01 2.252783350166580323e-02
2.900000000000000000e+01 1.585117227319062239e-01 2.281535450830275702e-02
3.000000000000000000e+01 1.360006795786612432e-01 2.085428252546828523e-02
3.100000000000000000e+01 6.396534148827727473e-02 8.780150398543809520e-03
3.200000000000000000e+01 5.640502888209310284e-02 9.510412870683500330e-03
3.300000000000000000e+01 5.198776758409785759e-02 1.222258530544662047e-02
3.400000000000000000e+01 7.857628270472306886e-02 1.544605545858053659e-02
3.500000000000000000e+01 7.110091743119266450e-02 1.451533563857236239e-02
3.600000000000000000e+01 5.929323819232076159e-02 1.232124304779838066e-02
3.700000000000000000e+01 0.000000000000000000e+00 0.000000000000000000e+00
3.800000000000000000e+01 0.000000000000000000e+00 0.000000000000000000e+00
