1.000000000000000000e+00 0.000000000000000000e+00 0.000000000000000000e+00
2.000000000000000000e+00 2.241506292228377336e-04 1.821293242810235601e-04
3.000000000000000000e+00 2.561721476832431164e-04 1.924060091082533503e-04
4.000000000000000000e+00 1.318325915014889882e-01 1.084675611443459108e-02
5.000000000000000000e+00 1.786480514906016726e-01 1.675588741226776562e-02
6.000000000000000000e+00 2.072432674757437032e-01 1.879669462210184147e-02
7.000000000000000000e+00 2.245348874443626186e-01 2.617991798920400043e-02
8.000000000000000000e+00 2.511767908034199248e-01 2.910454721954071344e-02
9.000000000000000000e+00 3.176534631272214804e-01 2.628947213747921327e-02
1.000000000000000000e+01 2.828780940792212095e-01 2.794183020294770461e-02
1.100000000000000000e+01 2.400653238976592219e-01 2.873581040825491303e-02
1.200000000000000000e+01 2.675397867366870464e-01 2.760587587065806495e-02
1.300000000000000000e+01 2.399692593422780018e-01 2.334089785553768864e-02
1.400000000000000000e+01 3.260110794453873195e-01 2.738470816138594000e-02
1.500000000000000000e+01 3.332479426174388970e-01 5.570911583578840726e-02
1.600000000000000000e+01 2.987927887540426930e-01 6.034151752911650485e-02
1.700000000000000000e+01 2.678279804028306788e-01 6.276746791223716815e-02
1.800000000000000000e+01 2.603349450830958478e-01 6.554294150397552143e-02
1.900000000000000000e+01 2.717346056550001832e-01 6.150579767295850930e-02
2.000000000000000000e+01 2.898908066220500235e-01 5.515599529002221391e-02
2.100000000000000000e+01 2.749047359825803061e-01 4.733436724407787122e-02
2.200000000000000000e+01 2.393928720099907093e-01 3.148106000264330046e-02
2.300000000000000000e+01 2.026001472989849284e-01 2.868677504408858117e-02
2.400000000000000000e+01 1.449934355887156079e-01 2.564393515304428869e-02
2.500000000000000000e+01 1.545998911268372245e-01 2.753803296904030334e-02
2.600000000000000000e+01 1.416952191872938582e-01 2.725513395439565015e-02
2.700000000000000000e+01 1.601075923020269520e-01 2.638632247805134529e-02
2.800000000000000000e+01 2.144160876108744951e-01 5.041237886444074195e-02
2.900000000000000000e+01 3.078228569598770448e-01 4.495966399947010084e-02
3.000000000000000000e+01 2.645617855198693635e-01 3.184324660385300793e-02
3.100000000000000000e+01 1.753818566076403296e-01 1.765910674083620915e-02
3.200000000000000000e+01 1.488360178039642712e-01 1.618326407480491849e-02
3.300000000000000000e+01 8.613788465849051001e-02 1.696859330316591655e-02
3.400000000000000000e+01 1.318325915014889882e-01 1.829726691278298414e-02
3.500000000000000000e+01 1.215536840756988729e-01 1.703349770141530245e-02
3.600000000000000000e+01 9.366294149668577540e-02 9.776252685705512369e-03
3.700000000000000000e+01 0.000000000000000000e+00 0.000000000000000000e+00
3.800000000000000000e+01 0.000000000000000000e+00 0.000000000000000000e+00
