0.6400 1.2570 1.2032 1.3107
1.2800 1.2593 1.2294 1.2892
1.9200 1.2534 1.2243 1.2824
2.5600 1.2710 1.2462 1.2958
3.2000 1.2862 1.2654 1.3070
3.8400 1.2873 1.2691 1.3055
4.4800 1.2897 1.2738 1.3057
5.1200 1.2952 1.2812 1.3093
5.7601 1.2835 1.2696 1.2975
6.4001 1.2929 1.2789 1.3069
7.0401 1.2921 1.2791 1.3050
7.6801 1.2928 1.2806 1.3050
8.3201 1.2866 1.2749 1.2984
8.9601 1.2763 1.2620 1.2905
9.6001 1.2652 1.2497 1.2806
10.2401 1.2537 1.2320 1.2754
10.8801 1.2455 1.2202 1.2708
11.5201 1.2416 1.2175 1.2657
12.1601 1.2434 1.2193 1.2674
12.8001 1.2445 1.2221 1.2669
13.4401 1.2436 1.2225 1.2647
14.0801 1.2427 1.2227 1.2626
14.7201 1.2445 1.2246 1.2644
15.3601 1.2444 1.2256 1.2632
16.0001 1.2432 1.2254 1.2610
16.6401 1.2409 1.2238 1.2581
17.2802 1.2362 1.2192 1.2533
17.9202 1.2312 1.2141 1.2483
18.5602 1.2273 1.2099 1.2447
19.2002 1.2225 1.1995 1.2456
19.8402 1.2187 1.1949 1.2425
20.4802 1.2171 1.1932 1.2409
21.1202 1.2151 1.1913 1.2389
21.7602 1.2173 1.1948 1.2398
22.4002 1.2195 1.1970 1.2420
23.0402 1.2206 1.1990 1.2422
23.6802 1.2206 1.1989 1.2422
24.3202 1.2191 1.1975 1.2407
24.9602 1.2178 1.1975 1.2381
25.6002 1.2183 1.1981 1.2386
26.2402 1.2151 1.1960 1.2342
26.8802 1.2110 1.1918 1.2301
27.5202 1.2079 1.1888 1.2271
28.1602 1.2050 1.1846 1.2255
28.8003 1.2033 1.1829 1.2238
29.4403 1.2023 1.1818 1.2227
30.0803 1.2000 1.1805 1.2196
30.7203 1.1971 1.1775 1.2166
31.3603 1.1957 1.1761 1.2154
32.0003 1.1959 1.1731 1.2186
32.6403 1.1976 1.1748 1.2204
33.2803 1.1990 1.1802 1.2179
33.9203 1.1989 1.1801 1.2178
34.5603 1.1997 1.1817 1.2177
35.2003 1.2003 1.1823 1.2183
35.8403 1.2006 1.1826 1.2186
36.4803 1.1993 1.1821 1.2164
37.1203 1.1974 1.1802 1.2146
37.7603 1.1981 1.1815 1.2147
38.4003 1.1974 1.1808 1.2140
39.0403 1.1990 1.1824 1.2156
39.6803 1.2021 1.1861 1.2182
40.3204 1.2076 1.1915 1.2237
40.9604 1.2091 1.1915 1.2268
41.6004 1.2098 1.1921 1.2274
42.2404 1.2109 1.1936 1.2281
42.8804 1.2127 1.1955 1.2300
43.5204 1.2145 1.1973 1.2318
44.1604 1.2139 1.1966 1.2312
44.8004 1.2159 1.1991 1.2326
45.4404 1.2139 1.1971 1.2306
46.0804 1.2117 1.1955 1.2279
46.7204 1.2101 1.1938 1.2263
47.3604 1.2105 1.1942 1.2267
48.0004 1.2114 1.1956 1.2271
48.6404 1.2112 1.1955 1.2270
49.2804 1.2118 1.1966 1.2270
49.9204 1.2129 1.1976 1.2281
50.5604 1.2147 1.1994 1.2299
51.2005 1.2170 1.2017 1.2322
51.8405 1.2179 1.2026 1.2332
52.4805 1.2185 1.2034 1.2337
53.1205 1.2192 1.2041 1.2344
53.7605 1.2195 1.2020 1.2371
54.4005 1.2200 1.2053 1.2348
55.0405 1.2221 1.2045 1.2397
55.6805 1.2234 1.2058 1.2410
56.3205 1.2253 1.2080 1.2425
56.9605 1.2277 1.2105 1.2449
57.6005 1.2302 1.2130 1.2474
58.2405 1.2325 1.2153 1.2497
58.8805 1.2337 1.2165 1.2509
59.5205 1.2353 1.2158 1.2549
60.1605 1.2362 1.2167 1.2558
60.8005 1.2375 1.2180 1.2570
61.4405 1.2380 1.2184 1.2575
62.0805 1.2381 1.2186 1.2576
62.7206 1.2373 1.2184 1.2561
63.3606 1.2376 1.2188 1.2565
64.0006 1.2366 1.2178 1.2555
64.6406 1.2361 1.2173 1.2550
65.2806 1.2353 1.2165 1.2542
65.9206 1.2354 1.2173 1.2536
66.5606 1.2360 1.2178 1.2541
67.2006 1.2371 1.2189 1.2552
67.8406 1.2370 1.2189 1.2552
68.4806 1.2375 1.2194 1.2557
69.1206 1.2367 1.2193 1.2540
69.7606 1.2379 1.2206 1.2553
70.4006 1.2392 1.2219 1.2566
71.0406 1.2393 1.2219 1.2566
71.6806 1.2383 1.2209 1.2556
72.3206 1.2367 1.2202 1.2533
72.9606 1.2366 1.2201 1.2532
73.6006 1.2374 1.2209 1.2540
74.2407 1.2379 1.2213 1.2544
74.8807 1.2378 1.2212 1.2543
75.5207 1.2382 1.2224 1.2540
76.1607 1.2394 1.2236 1.2552
76.8007 1.2409 1.2251 1.2567
77.4407 1.2410 1.2251 1.2568
78.0807 1.2416 1.2258 1.2575
78.7207 1.2409 1.2254 1.2564
79.3607 1.2402 1.2248 1.2557
80.0007 1.2408 1.2253 1.2563
80.6407 1.2414 1.2260 1.2569
81.2807 1.2421 1.2266 1.2575
81.9207 1.2430 1.2280 1.2579
82.5607 1.2440 1.2290 1.2589
83.2007 1.2457 1.2307 1.2606
83.8407 1.2466 1.2317 1.2616
84.4807 1.2475 1.2326 1.2625
85.1207 1.2474 1.2325 1.2624
85.7608 1.2480 1.2329 1.2630
86.4008 1.2491 1.2341 1.2642
87.0408 1.2502 1.2352 1.2653
87.6808 1.2507 1.2357 1.2658
88.3208 1.2513 1.2363 1.2664
88.9608 1.2521 1.2370 1.2672
89.6008 1.2537 1.2386 1.2688
90.2408 1.2552 1.2401 1.2703
90.8808 1.2545 1.2394 1.2696
91.5208 1.2540 1.2388 1.2691
92.1608 1.2536 1.2388 1.2683
92.8008 1.2537 1.2390 1.2684
93.4408 1.2540 1.2392 1.2687
94.0808 1.2543 1.2396 1.2690
94.7208 1.2548 1.2401 1.2696
95.3608 1.2556 1.2413 1.2698
96.0008 1.2559 1.2416 1.2702
96.6409 1.2561 1.2418 1.2703
97.2809 1.2564 1.2421 1.2707
97.9209 1.2564 1.2421 1.2707
98.5609 1.2565 1.2427 1.2703
99.2009 1.2563 1.2425 1.2701
99.8409 1.2562 1.2424 1.2701
100.4809 1.2573 1.2434 1.2711
101.1209 1.2570 1.2432 1.2709
101.7609 1.2572 1.2438 1.2706
102.4009 1.2571 1.2437 1.2705
103.0409 1.2576 1.2442 1.2710
103.6809 1.2570 1.2436 1.2704
104.3209 1.2558 1.2424 1.2692
104.9609 1.2555 1.2424 1.2685
105.6009 1.2549 1.2419 1.2680
106.2409 1.2545 1.2415 1.2676
106.8809 1.2546 1.2416 1.2677
107.5209 1.2550 1.2420 1.2681
108.1610 1.2558 1.2431 1.2685
108.8010 1.2561 1.2434 1.2687
109.4410 1.2564 1.2438 1.2691
110.0810 1.2560 1.2433 1.2686
110.7210 1.2550 1.2424 1.2677
111.3610 1.2538 1.2411 1.2664
112.0010 1.2530 1.2405 1.2654
112.6410 1.2522 1.2397 1.2646
113.2810 1.2513 1.2388 1.2637
113.9210 1.2506 1.2382 1.2631
114.5610 1.2510 1.2385 1.2634
115.2010 1.2513 1.2389 1.2636
115.8410 1.2515 1.2391 1.2638
116.4810 1.2518 1.2394 1.2642
117.1210 1.2522 1.2398 1.2646
117.7610 1.2531 1.2407 1.2654
118.4010 1.2536 1.2414 1.2659
119.0410 1.2532 1.2409 1.2654
119.6811 1.2533 1.2410 1.2655
120.3211 1.2527 1.2405 1.2650
120.9611 1.2520 1.2398 1.2643
121.6011 1.2515 1.2395 1.2635
122.2411 1.2517 1.2397 1.2637
122.8811 1.2518 1.2398 1.2638
123.5211 1.2512 1.2392 1.2632
124.1611 1.2506 1.2386 1.2627
124.8011 1.2498 1.2380 1.2616
125.4411 1.2492 1.2374 1.2610
126.0811 1.2490 1.2372 1.2608
126.7211 1.2487 1.2369 1.2605
127.3611 1.2481 1.2363 1.2599
128.0011 1.2481 1.2364 1.2597
128.6411 1.2475 1.2358 1.2592
129.2811 1.2470 1.2353 1.2587
129.9211 1.2461 1.2345 1.2578
130.5612 1.2458 1.2341 1.2574
131.2012 1.2455 1.2338 1.2571
131.8412 1.2447 1.2330 1.2564
132.4812 1.2440 1.2324 1.2557
133.1212 1.2438 1.2321 1.2555
133.7612 1.2437 1.2321 1.2554
134.4012 1.2439 1.2324 1.2554
135.0412 1.2437 1.2322 1.2552
135.6812 1.2437 1.2323 1.2552
136.3212 1.2433 1.2319 1.2548
136.9612 1.2428 1.2313 1.2543
137.6012 1.2421 1.2306 1.2536
138.2412 1.2416 1.2302 1.2529
138.8812 1.2412 1.2299 1.2526
139.5212 1.2414 1.2300 1.2527
140.1612 1.2411 1.2297 1.2524
140.8012 1.2406 1.2292 1.2519
141.4412 1.2401 1.2289 1.2513
142.0813 1.2404 1.2292 1.2516
142.7213 1.2407 1.2295 1.2519
143.3613 1.2411 1.2299 1.2523
144.0013 1.2418 1.2306 1.2530
144.6413 1.2422 1.2312 1.2533
145.2813 1.2427 1.2317 1.2537
145.9213 1.2429 1.2319 1.2540
146.5613 1.2436 1.2326 1.2547
147.2013 1.2442 1.2331 1.2552
147.8413 1.2446 1.2335 1.2557
148.4813 1.2456 1.2345 1.2567
149.1213 1.2465 1.2355 1.2576
149.7613 1.2472 1.2361 1.2583
150.4013 1.2471 1.2360 1.2582
151.0413 1.2474 1.2363 1.2586
151.6813 1.2483 1.2371 1.2594
152.3213 1.2488 1.2377 1.2600
152.9613 1.2490 1.2379 1.2602
153.6014 1.2496 1.2384 1.2607
154.2414 1.2498 1.2386 1.2610
154.8814 1.2502 1.2390 1.2614
155.5214 1.2502 1.2390 1.2614
156.1614 1.2505 1.2393 1.2617
156.8014 1.2508 1.2396 1.2620
157.4414 1.2513 1.2402 1.2624
158.0814 1.2519 1.2409 1.2630
158.7214 1.2525 1.2414 1.2636
159.3614 1.2531 1.2420 1.2642
160.0014 1.2537 1.2426 1.2648
160.6414 1.2549 1.2435 1.2663
161.2814 1.2557 1.2443 1.2671
161.9214 1.2563 1.2449 1.2676
162.5614 1.2569 1.2455 1.2683
163.2014 1.2572 1.2458 1.2686
163.8414 1.2575 1.2432 1.2717
164.4814 1.2575 1.2432 1.2717
165.1215 1.2574 1.2431 1.2716
165.7615 1.2571 1.2429 1.2714
166.4015 1.2566 1.2424 1.2709
167.0415 1.2564 1.2421 1.2706
167.6815 1.2560 1.2418 1.2703
168.3215 1.2555 1.2413 1.2698
168.9615 1.2556 1.2414 1.2698
169.6015 1.2553 1.2411 1.2696
170.2415 1.2551 1.2409 1.2694
170.8815 1.2547 1.2409 1.2686
171.5215 1.2545 1.2406 1.2684
172.1615 1.2541 1.2402 1.2680
172.8015 1.2535 1.2396 1.2674
173.4415 1.2531 1.2393 1.2670
174.0815 1.2528 1.2389 1.2667
174.7215 1.2521 1.2382 1.2660
175.3615 1.2517 1.2378 1.2656
176.0016 1.2516 1.2377 1.2654
176.6416 1.2513 1.2374 1.2652
177.2816 1.2507 1.2368 1.2647
177.9216 1.2502 1.2362 1.2641
178.5616 1.2496 1.2356 1.2635
179.2016 1.2490 1.2351 1.2630
179.8416 1.2485 1.2346 1.2625
180.4816 1.2480 1.2340 1.2620
181.1216 1.2475 1.2335 1.2614
181.7616 1.2470 1.2330 1.2609
182.4016 1.2465 1.2325 1.2604
183.0416 1.2457 1.2317 1.2596
183.6816 1.2449 1.2302 1.2596
184.3216 1.2441 1.2294 1.2588
184.9616 1.2434 1.2287 1.2581
185.6016 1.2427 1.2280 1.2575
186.2416 1.2426 1.2279 1.2573
186.8816 1.2422 1.2275 1.2569
187.5217 1.2415 1.2268 1.2562
188.1617 1.2409 1.2262 1.2556
188.8017 1.2405 1.2258 1.2552
189.4417 1.2403 1.2256 1.2550
190.0817 1.2403 1.2254 1.2553
190.7217 1.2412 1.2262 1.2561
191.3617 1.2415 1.2266 1.2565
192.0017 1.2413 1.2263 1.2562
192.6417 1.2413 1.2263 1.2562
193.2817 1.2408 1.2259 1.2558
193.9217 1.2403 1.2253 1.2552
194.5617 1.2398 1.2248 1.2547
195.2017 1.2391 1.2241 1.2540
195.8417 1.2386 1.2236 1.2535
196.4817 1.2382 1.2232 1.2532
197.1217 1.2387 1.2241 1.2534
197.7617 1.2393 1.2247 1.2539
198.4017 1.2393 1.2247 1.2539
199.0418 1.2390 1.2244 1.2536
199.6818 1.2386 1.2240 1.2532
