0.6400 1.1457 1.1309 1.1605
1.2800 1.2209 1.1886 1.2532
1.9200 1.2349 1.2015 1.2683
2.5600 1.2438 1.2175 1.2701
3.2000 1.2614 1.2391 1.2838
3.8400 1.2732 1.2533 1.2930
4.4800 1.2811 1.2632 1.2990
5.1200 1.2818 1.2661 1.2975
5.7600 1.2900 1.2751 1.3050
6.4000 1.2931 1.2795 1.3067
7.0400 1.2862 1.2731 1.2994
7.6800 1.2819 1.2660 1.2979
8.3200 1.2862 1.2714 1.3011
8.9600 1.2871 1.2730 1.3013
9.6000 1.2865 1.2735 1.2995
10.2400 1.2792 1.2660 1.2923
10.8800 1.2720 1.2587 1.2852
11.5200 1.2682 1.2553 1.2812
12.1600 1.2588 1.2451 1.2726
12.8000 1.2496 1.2297 1.2695
13.4400 1.2457 1.2253 1.2662
14.0800 1.2438 1.2241 1.2634
14.7200 1.2445 1.2249 1.2642
15.3600 1.2488 1.2303 1.2673
16.0000 1.2475 1.2295 1.2655
16.6400 1.2532 1.2361 1.2703
17.2800 1.2557 1.2385 1.2729
17.9200 1.2557 1.2385 1.2729
18.5600 1.2592 1.2428 1.2756
19.2000 1.2586 1.2423 1.2748
19.8400 1.2559 1.2399 1.2719
20.4800 1.2518 1.2357 1.2678
21.1200 1.2480 1.2319 1.2640
21.7600 1.2437 1.2275 1.2599
22.4000 1.2407 1.2245 1.2570
23.0400 1.2369 1.2163 1.2575
23.6800 1.2349 1.2143 1.2555
24.3200 1.2345 1.2139 1.2551
24.9600 1.2324 1.2129 1.2519
25.6000 1.2343 1.2148 1.2538
26.2400 1.2355 1.2208 1.2502
26.8800 1.2352 1.2169 1.2535
27.5200 1.2380 1.2197 1.2563
28.1600 1.2389 1.2214 1.2564
28.8000 1.2394 1.2256 1.2532
29.4400 1.2394 1.2219 1.2569
30.0800 1.2387 1.2253 1.2522
30.7200 1.2394 1.2263 1.2525
31.3600 1.2400 1.2271 1.2528
32.0000 1.2391 1.2265 1.2517
32.6400 1.2367 1.2241 1.2493
33.2800 1.2346 1.2192 1.2500
33.9200 1.2320 1.2166 1.2475
34.5600 1.2299 1.2140 1.2458
35.2000 1.2266 1.2107 1.2425
35.8400 1.2290 1.2131 1.2449
36.4800 1.2285 1.2133 1.2437
37.1200 1.2275 1.2123 1.2427
37.7600 1.2264 1.2115 1.2412
38.4000 1.2242 1.2094 1.2390
39.0400 1.2219 1.2071 1.2367
39.6800 1.2216 1.2066 1.2366
40.3200 1.2216 1.2066 1.2366
40.9600 1.2219 1.2075 1.2363
41.6000 1.2237 1.2093 1.2381
42.2400 1.2236 1.2092 1.2379
42.8800 1.2232 1.2093 1.2372
43.5200 1.2234 1.2095 1.2373
44.1600 1.2235 1.2096 1.2374
44.8000 1.2234 1.2100 1.2368
45.4400 1.2231 1.2097 1.2365
46.0800 1.2216 1.2086 1.2345
46.7200 1.2213 1.2083 1.2343
47.3600 1.2212 1.2082 1.2342
48.0000 1.2203 1.2077 1.2329
48.6400 1.2210 1.2084 1.2337
49.2800 1.2228 1.2105 1.2351
49.9200 1.2248 1.2125 1.2371
50.5600 1.2263 1.2140 1.2387
51.2000 1.2297 1.2168 1.2426
51.8400 1.2321 1.2192 1.2450
52.4800 1.2329 1.2192 1.2465
53.1200 1.2339 1.2203 1.2475
53.7600 1.2349 1.2213 1.2485
54.4000 1.2357 1.2223 1.2492
55.0400 1.2365 1.2231 1.2500
55.6800 1.2378 1.2244 1.2512
56.3200 1.2383 1.2251 1.2516
56.9600 1.2391 1.2259 1.2524
57.6000 1.2388 1.2259 1.2517
58.2400 1.2399 1.2270 1.2528
58.8800 1.2384 1.2255 1.2513
59.5200 1.2367 1.2242 1.2492
60.1600 1.2356 1.2230 1.2481
60.8000 1.2345 1.2218 1.2472
61.4400 1.2344 1.2217 1.2471
62.0800 1.2343 1.2216 1.2471
62.7200 1.2348 1.2225 1.2472
63.3600 1.2349 1.2225 1.2473
64.0000 1.2345 1.2224 1.2466
64.6400 1.2352 1.2231 1.2472
65.2800 1.2364 1.2243 1.2485
65.9200 1.2366 1.2247 1.2485
66.5600 1.2367 1.2248 1.2486
67.2000 1.2381 1.2264 1.2498
67.8400 1.2389 1.2272 1.2506
68.4800 1.2401 1.2284 1.2518
69.1200 1.2411 1.2294 1.2527
69.7600 1.2417 1.2300 1.2533
70.4000 1.2419 1.2303 1.2536
71.0400 1.2422 1.2307 1.2537
71.6800 1.2422 1.2307 1.2537
72.3200 1.2422 1.2310 1.2535
72.9600 1.2436 1.2324 1.2549
73.6000 1.2446 1.2333 1.2558
74.2400 1.2454 1.2341 1.2566
74.8800 1.2456 1.2343 1.2569
75.5200 1.2466 1.2355 1.2578
76.1600 1.2476 1.2365 1.2588
76.8000 1.2490 1.2378 1.2602
77.4400 1.2507 1.2393 1.2621
78.0800 1.2511 1.2398 1.2625
78.7200 1.2522 1.2408 1.2636
79.3600 1.2526 1.2412 1.2640
80.0000 1.2528 1.2414 1.2642
80.6400 1.2534 1.2422 1.2647
81.2800 1.2545 1.2433 1.2658
81.9200 1.2549 1.2438 1.2660
82.5600 1.2551 1.2439 1.2662
83.2000 1.2552 1.2441 1.2663
83.8400 1.2550 1.2441 1.2659
84.4800 1.2555 1.2446 1.2664
85.1200 1.2548 1.2439 1.2657
85.7600 1.2550 1.2443 1.2657
86.4000 1.2552 1.2445 1.2659
87.0400 1.2545 1.2440 1.2650
87.6800 1.2539 1.2434 1.2644
88.3200 1.2536 1.2432 1.2641
88.9600 1.2534 1.2430 1.2638
89.6000 1.2529 1.2426 1.2633
90.2400 1.2522 1.2419 1.2624
90.8800 1.2513 1.2410 1.2615
91.5200 1.2504 1.2402 1.2606
92.1600 1.2502 1.2399 1.2605
92.8000 1.2506 1.2403 1.2609
93.4400 1.2521 1.2418 1.2624
94.0800 1.2528 1.2425 1.2631
94.7200 1.2530 1.2427 1.2633
95.3600 1.2535 1.2433 1.2637
96.0000 1.2534 1.2399 1.2670
96.6400 1.2534 1.2399 1.2670
97.2800 1.2541 1.2406 1.2677
97.9200 1.2550 1.2414 1.2685
98.5600 1.2554 1.2422 1.2686
99.2000 1.2558 1.2426 1.2690
99.8400 1.2564 1.2432 1.2696
100.4800 1.2570 1.2438 1.2702
101.1200 1.2574 1.2442 1.2706
101.7600 1.2576 1.2446 1.2705
102.4000 1.2573 1.2443 1.2702
103.0400 1.2572 1.2443 1.2702
103.6800 1.2565 1.2436 1.2695
104.3200 1.2558 1.2428 1.2687
104.9600 1.2554 1.2427 1.2681
105.6000 1.2560 1.2432 1.2687
106.2400 1.2558 1.2431 1.2686
106.8800 1.2560 1.2433 1.2688
107.5200 1.2561 1.2434 1.2688
108.1600 1.2559 1.2436 1.2683
108.8000 1.2557 1.2434 1.2681
109.4400 1.2558 1.2435 1.2681
110.0800 1.2565 1.2441 1.2688
110.7200 1.2575 1.2452 1.2698
111.3600 1.2586 1.2463 1.2710
112.0000 1.2602 1.2479 1.2725
112.6400 1.2606 1.2483 1.2729
113.2800 1.2605 1.2482 1.2728
113.9200 1.2609 1.2486 1.2732
114.5600 1.2605 1.2482 1.2728
115.2000 1.2600 1.2479 1.2720
115.8400 1.2600 1.2479 1.2720
116.4800 1.2606 1.2485 1.2726
117.1200 1.2611 1.2490 1.2732
117.7600 1.2619 1.2498 1.2740
118.4000 1.2621 1.2503 1.2740
119.0400 1.2631 1.2513 1.2749
119.6800 1.2639 1.2521 1.2757
120.3200 1.2652 1.2534 1.2771
120.9600 1.2658 1.2539 1.2776
121.6000 1.2663 1.2542 1.2784
122.2400 1.2662 1.2541 1.2783
122.8800 1.2659 1.2538 1.2780
123.5200 1.2656 1.2535 1.2777
124.1600 1.2661 1.2539 1.2782
124.8000 1.2666 1.2548 1.2784
125.4400 1.2676 1.2558 1.2794
126.0800 1.2683 1.2564 1.2801
126.7200 1.2685 1.2567 1.2803
127.3600 1.2688 1.2570 1.2807
128.0000 1.2694 1.2575 1.2812
128.6400 1.2699 1.2580 1.2818
129.2800 1.2709 1.2590 1.2827
129.9200 1.2715 1.2596 1.2833
130.5600 1.2706 1.2587 1.2824
131.2000 1.2704 1.2588 1.2821
131.8400 1.2700 1.2584 1.2816
132.4800 1.2701 1.2584 1.2817
133.1200 1.2702 1.2585 1.2818
133.7600 1.2703 1.2586 1.2819
134.4000 1.2701 1.2588 1.2815
135.0400 1.2702 1.2588 1.2815
135.6800 1.2704 1.2590 1.2818
136.3200 1.2703 1.2590 1.2817
136.9600 1.2703 1.2590 1.2817
137.6000 1.2702 1.2589 1.2816
138.2400 1.2702 1.2592 1.2813
138.8800 1.2703 1.2592 1.2814
139.5200 1.2703 1.2593 1.2814
140.1600 1.2703 1.2592 1.2814
140.8000 1.2701 1.2590 1.2811
141.4400 1.2698 1.2590 1.2806
142.0800 1.2696 1.2588 1.2804
142.7200 1.2695 1.2586 1.2803
143.3600 1.2702 1.2593 1.2810
144.0000 1.2707 1.2599 1.2816
144.6400 1.2707 1.2601 1.2813
145.2800 1.2708 1.2602 1.2814
145.9200 1.2710 1.2604 1.2816
146.5600 1.2713 1.2607 1.2819
147.2000 1.2720 1.2614 1.2826
147.8400 1.2722 1.2617 1.2826
148.4800 1.2717 1.2613 1.2822
149.1200 1.2712 1.2607 1.2816
149.7600 1.2706 1.2602 1.2811
150.4000 1.2703 1.2598 1.2807
151.0400 1.2698 1.2594 1.2803
151.6800 1.2695 1.2591 1.2800
152.3200 1.2695 1.2590 1.2799
152.9600 1.2697 1.2592 1.2801
153.6000 1.2701 1.2596 1.2805
154.2400 1.2706 1.2603 1.2808
154.8800 1.2704 1.2602 1.2806
155.5200 1.2705 1.2603 1.2807
156.1600 1.2701 1.2599 1.2803
156.8000 1.2698 1.2596 1.2800
157.4400 1.2689 1.2589 1.2790
158.0800 1.2689 1.2589 1.2790
158.7200 1.2686 1.2585 1.2787
159.3600 1.2681 1.2580 1.2782
160.0000 1.2677 1.2576 1.2778
160.6400 1.2678 1.2578 1.2777
161.2800 1.2677 1.2578 1.2777
161.9200 1.2685 1.2585 1.2784
162.5600 1.2691 1.2591 1.2790
163.2000 1.2690 1.2591 1.2790
163.8400 1.2693 1.2594 1.2792
164.4800 1.2695 1.2596 1.2794
165.1200 1.2696 1.2597 1.2795
165.7600 1.2703 1.2604 1.2801
166.4000 1.2708 1.2610 1.2807
167.0400 1.2713 1.2615 1.2812
167.6800 1.2712 1.2613 1.2811
168.3200 1.2710 1.2611 1.2809
168.9600 1.2708 1.2609 1.2806
169.6000 1.2704 1.2606 1.2803
170.2400 1.2701 1.2602 1.2799
170.8800 1.2699 1.2602 1.2797
171.5200 1.2698 1.2600 1.2796
172.1600 1.2697 1.2600 1.2795
172.8000 1.2694 1.2596 1.2792
173.4400 1.2692 1.2594 1.2790
174.0800 1.2687 1.2590 1.2783
174.7200 1.2683 1.2586 1.2779
175.3600 1.2678 1.2581 1.2774
176.0000 1.2670 1.2574 1.2767
176.6400 1.2664 1.2567 1.2760
177.2800 1.2656 1.2557 1.2755
177.9200 1.2651 1.2552 1.2750
178.5600 1.2646 1.2547 1.2745
179.2000 1.2641 1.2542 1.2741
179.8400 1.2636 1.2537 1.2736
180.4800 1.2630 1.2529 1.2731
181.1200 1.2624 1.2523 1.2725
181.7600 1.2619 1.2518 1.2721
182.4000 1.2615 1.2514 1.2717
183.0400 1.2613 1.2512 1.2715
183.6800 1.2607 1.2504 1.2709
184.3200 1.2601 1.2499 1.2704
184.9600 1.2595 1.2493 1.2698
185.6000 1.2589 1.2486 1.2691
186.2400 1.2584 1.2481 1.2686
186.8800 1.2580 1.2463 1.2698
187.5200 1.2579 1.2461 1.2696
188.1600 1.2575 1.2457 1.2692
188.8000 1.2571 1.2453 1.2688
189.4400 1.2567 1.2450 1.2685
190.0800 1.2565 1.2445 1.2686
190.7200 1.2565 1.2445 1.2686
191.3600 1.2564 1.2443 1.2685
192.0000 1.2564 1.2443 1.2684
192.6400 1.2562 1.2441 1.2683
193.2800 1.2561 1.2440 1.2682
193.9200 1.2560 1.2439 1.2681
194.5600 1.2558 1.2437 1.2679
195.2000 1.2557 1.2436 1.2677
195.8400 1.2553 1.2432 1.2674
196.4800 1.2548 1.2428 1.2669
197.1200 1.2544 1.2426 1.2662
197.7600 1.2540 1.2422 1.2658
198.4000 1.2537 1.2419 1.2655
199.0400 1.2538 1.2419 1.2656
199.6800 1.2537 1.2419 1.2655
200.3200 1.2534 1.2416 1.2652
200.9600 1.2531 1.2412 1.2649
201.6000 1.2527 1.2409 1.2645
202.2400 1.2526 1.2408 1.2644
202.8800 1.2526 1.2408 1.2644
203.5200 1.2524 1.2408 1.2640
204.1600 1.2524 1.2408 1.2641
204.8000 1.2525 1.2409 1.2642
205.4400 1.2528 1.2411 1.2644
206.0800 1.2532 1.2415 1.2648
206.7200 1.2537 1.2421 1.2653
207.3600 1.2541 1.2424 1.2657
208.0000 1.2542 1.2426 1.2659
208.6400 1.2543 1.2427 1.2660
209.2800 1.2547 1.2430 1.2663
209.9200 1.2550 1.2435 1.2665
210.5600 1.2553 1.2438 1.2668
211.2000 1.2558 1.2443 1.2673
211.8400 1.2563 1.2448 1.2678
212.4800 1.2570 1.2454 1.2685
213.1200 1.2576 1.2461 1.2691
213.7600 1.2579 1.2464 1.2695
214.4000 1.2580 1.2465 1.2695
215.0400 1.2580 1.2464 1.2695
215.6800 1.2582 1.2467 1.2697
216.3200 1.2588 1.2470 1.2706
216.9600 1.2594 1.2476 1.2712
217.6000 1.2597 1.2479 1.2715
218.2400 1.2600 1.2482 1.2718
218.8800 1.2602 1.2484 1.2720
219.5200 1.2605 1.2487 1.2722
220.1600 1.2608 1.2490 1.2726
220.8000 1.2612 1.2494 1.2730
221.4400 1.2614 1.2497 1.2732
222.0800 1.2617 1.2499 1.2735
222.7200 1.2619 1.2501 1.2737
223.3600 1.2623 1.2504 1.2741
224.0000 1.2625 1.2506 1.2744
224.6400 1.2627 1.2508 1.2745
225.2800 1.2632 1.2513 1.2751
225.9200 1.2635 1.2516 1.2754
226.5600 1.2638 1.2519 1.2757
227.2000 1.2641 1.2523 1.2760
227.8400 1.2649 1.2530 1.2768
228.4800 1.2654 1.2536 1.2773
229.1200 1.2658 1.2539 1.2777
229.7600 1.2663 1.2540 1.2785
230.4000 1.2665 1.2543 1.2787
231.0400 1.2667 1.2545 1.2789
231.6800 1.2668 1.2546 1.2790
232.3200 1.2667 1.2545 1.2790
232.9600 1.2667 1.2545 1.2789
233.6000 1.2666 1.2544 1.2788
234.2400 1.2662 1.2540 1.2784
234.8800 1.2660 1.2538 1.2782
235.5200 1.2658 1.2536 1.2780
236.1600 1.2655 1.2536 1.2773
236.8000 1.2653 1.2534 1.2772
237.4400 1.2653 1.2535 1.2772
238.0800 1.2652 1.2533 1.2771
238.7200 1.2652 1.2533 1.2770
239.3600 1.2649 1.2531 1.2768
240.0000 1.2646 1.2527 1.2765
240.6400 1.2645 1.2527 1.2764
241.2800 1.2643 1.2524 1.2761
241.9200 1.2639 1.2520 1.2758
242.5600 1.2638 1.2521 1.2755
243.2000 1.2636 1.2519 1.2753
243.8400 1.2633 1.2516 1.2750
244.4800 1.2629 1.2512 1.2746
245.1200 1.2626 1.2509 1.2743
245.7600 1.2625 1.2508 1.2742
246.4000 1.2624 1.2507 1.2741
247.0400 1.2620 1.2503 1.2737
247.6800 1.2616 1.2499 1.2733
248.3200 1.2611 1.2494 1.2728
248.9600 1.2608 1.2491 1.2725
249.6000 1.2604 1.2486 1.2722
250.2400 1.2600 1.2483 1.2718
250.8800 1.2596 1.2478 1.2714
251.5200 1.2592 1.2474 1.2710
252.1600 1.2590 1.2472 1.2708
252.8000 1.2587 1.2469 1.2705
253.4400 1.2584 1.2466 1.2702
254.0800 1.2580 1.2462 1.2697
254.7200 1.2574 1.2456 1.2692
255.3600 1.2572 1.2454 1.2690
256.0000 1.2569 1.2449 1.2690
256.6400 1.2565 1.2444 1.2685
257.2800 1.2562 1.2442 1.2683
257.9200 1.2562 1.2442 1.2683
258.5600 1.2560 1.2439 1.2680
259.2000 1.2558 1.2437 1.2678
259.8400 1.2556 1.2435 1.2676
260.4800 1.2552 1.2431 1.2672
261.1200 1.2549 1.2429 1.2670
261.7600 1.2550 1.2430 1.2670
262.4000 1.2550 1.2430 1.2669
263.0400 1.2549 1.2430 1.2668
263.6800 1.2550 1.2431 1.2670
264.3200 1.2554 1.2435 1.2673
264.9600 1.2556 1.2437 1.2675
265.6000 1.2555 1.2435 1.2674
266.2400 1.2553 1.2434 1.2672
266.8800 1.2554 1.2434 1.2673
267.5200 1.2552 1.2433 1.2671
268.1600 1.2549 1.2430 1.2668
268.8000 1.2546 1.2430 1.2663
269.4400 1.2544 1.2427 1.2660
270.0800 1.2539 1.2423 1.2655
270.7200 1.2535 1.2419 1.2651
271.3600 1.2534 1.2417 1.2650
272.0000 1.2537 1.2421 1.2653
272.6400 1.2540 1.2424 1.2656
273.2800 1.2539 1.2423 1.2655
273.9200 1.2537 1.2421 1.2654
274.5600 1.2535 1.2419 1.2652
275.2000 1.2531 1.2415 1.2648
