0.6400 11.3802 9.2080 13.5525
1.2800 11.1749 10.0024 12.3475
1.9200 11.3461 10.4430 12.2493
2.5600 11.5226 10.8355 12.2098
3.2000 11.2122 10.6244 11.8000
3.8400 10.6407 10.0709 11.2105
4.4800 10.2065 9.6683 10.7448
5.1200 9.6854 9.0495 10.3213
5.7601 9.3524 8.7016 10.0031
6.4001 9.1343 8.5041 9.7644
7.0401 9.0564 8.4938 9.6191
7.6801 8.9992 8.4687 9.5297
8.3201 8.9639 8.4857 9.4422
8.9601 8.8969 8.4391 9.3548
9.6001 8.7754 8.3504 9.2004
10.2401 8.6141 8.0458 9.1824
10.8801 8.5157 7.9574 9.0740
11.5201 8.4016 7.8735 8.9298
12.1601 8.2652 7.7371 8.7934
12.8001 8.1977 7.6728 8.7226
13.4401 8.1048 7.6120 8.5975
14.0801 7.9714 7.4641 8.4787
14.7201 7.9809 7.3023 8.6595
15.3601 8.0172 7.5390 8.4955
16.0001 8.0140 7.5598 8.4683
16.6401 8.0276 7.5966 8.4585
17.2802 8.0015 7.5913 8.4118
17.9202 7.9798 7.5696 8.3901
18.5602 7.9459 7.5536 8.3382
19.2002 7.9330 7.5562 8.3098
19.8402 7.8680 7.5053 8.2308
20.4802 7.7817 7.3040 8.2594
21.1202 7.6975 7.2199 8.1752
21.7602 7.5886 7.0947 8.0825
22.4002 7.4605 6.9666 7.9544
23.0402 7.3395 6.7836 7.8955
23.6802 7.2774 6.4944 8.0604
24.3202 7.2196 6.4366 8.0027
24.9602 7.2389 6.4559 8.0219
25.6002 7.2333 6.4503 8.0163
26.2402 7.1968 6.5009 7.8926
26.8802 7.1757 6.4799 7.8716
27.5202 7.1611 6.4653 7.8570
28.1602 7.0973 6.4014 7.7931
28.8003 6.9873 6.2915 7.6832
29.4403 6.8641 6.1682 7.5599
30.0803 6.7596 6.0559 7.4634
30.7203 6.6578 5.9540 7.3616
31.3603 6.5730 5.8692 7.2768
32.0003 6.4943 5.7906 7.1981
32.6403 6.4288 5.7250 7.1326
33.2803 6.3649 5.3567 7.3731
33.9203 6.2920 5.2838 7.3002
34.5603 6.2341 5.2260 7.2423
35.2003 6.1763 5.1681 7.1844
35.8403 6.1241 5.1159 7.1323
36.4803 6.0792 5.0710 7.0874
37.1203 6.0413 5.0331 7.0495
37.7603 5.9922 4.9841 7.0004
38.4003 5.9335 4.9253 6.9416
39.0403 5.8941 4.9056 6.8826
39.6803 5.8596 4.8820 6.8373
40.3204 5.8075 4.3771 7.2379
40.9604 5.7523 4.3219 7.1827
41.6004 5.7155 4.2851 7.1459
42.2404 5.6601 4.2297 7.0905
42.8804 5.5994 4.1690 7.0298
43.5204 5.5596 4.1292 6.9900
44.1604 5.5104 4.0800 6.9408
44.8004 5.4597 4.0293 6.8901
45.4404 5.4112 3.9808 6.8416
46.0804 5.3590 3.9286 6.7894
46.7204 5.3014 3.8710 6.7318
47.3604 5.2444 3.8140 6.6748
48.0004 5.1905 3.7601 6.6209
48.6404 5.1394 3.7090 6.5698
49.2804 5.0820 3.6516 6.5124
49.9204 5.0265 3.5961 6.4569
50.5604 4.9810 3.5506 6.4114
51.2005 4.9306 3.5002 6.3610
51.8405 4.8859 3.4555 6.3163
52.4805 4.8446 2.4909 7.1983
53.1205 4.8178 2.4641 7.1715
53.7605 4.7802 2.4265 7.1339
54.4005 4.7386 2.3850 7.0923
55.0405 4.6973 2.3436 7.0510
55.6805 4.6515 2.2978 7.0051
56.3205 4.6108 2.2571 6.9645
56.9605 4.5805 2.2268 6.9341
57.6005 4.5654 2.2117 6.9191
58.2405 4.5548 2.2011 6.9085
58.8805 4.5407 2.1870 6.8944
59.5205 4.5267 2.1730 6.8804
60.1605 4.5106 2.1569 6.8643
60.8005 4.4741 2.1204 6.8278
61.4405 4.4342 2.0805 6.7879
62.0805 4.4033 2.0496 6.7570
62.7206 4.3744 2.0207 6.7281
63.3606 4.3480 1.9943 6.7017
64.0006 4.3101 1.9564 6.6638
64.6406 4.2789 1.9253 6.6326
65.2806 4.2683 1.9146 6.6220
65.9206 4.2577 1.9040 6.6114
66.5606 4.2594 1.9057 6.6131
67.2006 4.2365 1.8828 6.5902
67.8406 4.2646 1.9109 6.6183
68.4806 4.2685 1.9148 6.6221
69.1206 4.2811 1.9274 6.6348
69.7606 4.2546 1.9009 6.6083
70.4006 4.2305 1.8768 6.5841
71.0406 4.2108 1.8571 6.5645
71.6806 4.2057 1.8520 6.5594
72.3206 4.1928 1.8391 6.5465
72.9606 4.1779 1.8242 6.5316
73.6006 4.1676 1.8139 6.5213
74.2407 4.1707 1.8170 6.5244
74.8807 4.1692 1.8155 6.5229
75.5207 4.1547 1.8010 6.5084
76.1607 4.1331 1.7794 6.4868
76.8007 4.1135 1.7598 6.4672
77.4407 4.1016 1.7479 6.4553
78.0807 4.1042 1.7505 6.4579
78.7207 4.1040 2.5554 5.6526
79.3607 4.0925 2.5439 5.6412
80.0007 4.0851 2.5364 5.6337
80.6407 4.0750 2.5264 5.6236
81.2807 4.0572 2.5086 5.6058
81.9207 4.0351 2.4865 5.5837
82.5607 4.0099 2.4613 5.5585
83.2007 3.9901 2.4415 5.5387
83.8407 3.9655 2.4169 5.5142
84.4807 3.9498 2.4012 5.4984
85.1207 3.9343 2.3857 5.4829
85.7608 3.9241 2.3755 5.4727
86.4008 3.9189 2.3703 5.4675
87.0408 3.9266 2.3780 5.4752
87.6808 3.9446 2.3960 5.4932
88.3208 3.9543 2.4057 5.5029
88.9608 3.9729 2.4243 5.5215
89.6008 3.9889 2.4403 5.5375
90.2408 3.9872 2.4386 5.5359
90.8808 3.9971 2.4484 5.5457
91.5208 4.0038 2.4552 5.5524
92.1608 3.9931 2.4445 5.5417
92.8008 3.9751 2.4265 5.5238
93.4408 3.9614 2.4127 5.5100
94.0808 3.9498 2.4012 5.4985
94.7208 3.9384 2.3898 5.4870
95.3608 3.9224 2.3737 5.4710
96.0008 3.9138 2.3652 5.4625
96.6409 3.9016 2.3529 5.4502
97.2809 3.8887 2.3401 5.4373
97.9209 3.8751 2.3264 5.4237
98.5609 3.8588 2.3101 5.4074
99.2009 3.8478 2.2992 5.3964
99.8409 3.8295 2.2809 5.3781
100.4809 3.8103 2.2617 5.3589
101.1209 3.7929 2.2443 5.3415
101.7609 3.7765 2.2279 5.3251
102.4009 3.7670 2.2183 5.3156
103.0409 3.7604 2.2117 5.3090
103.6809 3.7542 2.2056 5.3029
104.3209 3.7550 2.2064 5.3037
104.9609 3.7459 2.5941 4.8977
105.6009 3.7413 2.5896 4.8931
106.2409 3.7392 2.5874 4.8909
106.8809 3.7392 2.5874 4.8909
107.5209 3.7319 2.6322 4.8316
108.1610 3.7250 2.6253 4.8247
108.8010 3.7282 2.6285 4.8279
109.4410 3.7291 2.6293 4.8288
110.0810 3.7272 2.6274 4.8269
110.7210 3.7226 2.6229 4.8224
111.3610 3.7182 2.6185 4.8180
112.0010 3.7100 2.6103 4.8097
112.6410 3.7165 2.6168 4.8162
113.2810 3.7211 2.6213 4.8208
113.9210 3.7296 2.6299 4.8293
114.5610 3.7300 2.6303 4.8297
115.2010 3.7204 2.6207 4.8201
115.8410 3.7100 2.6103 4.8097
116.4810 3.7072 2.6075 4.8069
117.1210 3.6975 2.5978 4.7972
117.7610 3.6880 2.5882 4.7877
118.4010 3.6780 2.5783 4.7777
119.0410 3.6678 2.5680 4.7675
119.6811 3.6567 2.5570 4.7564
120.3211 3.6454 2.5456 4.7451
120.9611 3.6327 2.5330 4.7324
121.6011 3.6186 2.5189 4.7183
122.2411 3.6075 2.5077 4.7072
122.8811 3.6008 2.5011 4.7006
123.5211 3.5958 2.4961 4.6955
124.1611 3.5866 2.4869 4.6863
124.8011 3.5739 2.4742 4.6737
125.4411 3.5614 2.4617 4.6611
126.0811 3.5466 2.4469 4.6463
126.7211 3.5369 2.4372 4.6366
127.3611 3.5253 2.4256 4.6250
128.0011 3.5201 2.4204 4.6198
128.6411 3.5152 2.4155 4.6149
129.2811 3.5100 2.4103 4.6097
129.9211 3.5028 2.4031 4.6025
130.5612 3.5036 2.4038 4.6033
131.2012 3.5101 2.5867 4.4335
131.8412 3.5014 2.5781 4.4248
132.4812 3.4939 2.5705 4.4172
133.1212 3.4868 2.3871 4.5865
133.7612 3.4796 2.3799 4.5793
134.4012 3.4752 2.3755 4.5749
135.0412 3.4719 2.3722 4.5717
135.6812 3.4771 2.3773 4.5768
136.3212 3.4801 2.3804 4.5799
136.9612 3.4833 2.3836 4.5831
137.6012 3.4859 2.3862 4.5856
138.2412 3.4822 2.3825 4.5819
138.8812 3.4755 2.3758 4.5752
139.5212 3.4660 2.3663 4.5657
140.1612 3.4572 2.3574 4.5569
140.8012 3.4492 2.3494 4.5489
141.4412 3.4430 2.3433 4.5427
142.0813 3.4349 2.3352 4.5347
142.7213 3.4269 2.3272 4.5266
143.3613 3.4218 2.3220 4.5215
144.0013 3.4128 2.3131 4.5125
144.6413 3.4069 2.3072 4.5067
145.2813 3.4056 2.3059 4.5053
145.9213 3.4050 2.3053 4.5047
146.5613 3.4065 2.3068 4.5062
147.2013 3.4015 2.3018 4.5012
147.8413 3.4005 2.3008 4.5002
148.4813 3.4013 2.3015 4.5010
149.1213 3.4113 2.3115 4.5110
149.7613 3.4042 2.3044 4.5039
150.4013 3.3940 2.2942 4.4937
151.0413 3.3894 2.2897 4.4891
151.6813 3.3909 2.2912 4.4906
152.3213 3.3946 2.2949 4.4944
152.9613 3.3887 2.2890 4.4884
153.6014 3.3858 2.2860 4.4855
154.2414 3.3748 2.2751 4.4746
154.8814 3.3634 2.2637 4.4631
155.5214 3.3536 2.2539 4.4533
156.1614 3.3712 2.2715 4.4710
156.8014 3.3951 2.2953 4.4948
157.4414 3.4220 2.6624 4.1815
158.0814 3.4725 2.7130 4.2321
158.7214 3.5257 2.7661 4.2852
159.3614 3.5579 2.7984 4.3175
160.0014 3.5889 2.8293 4.3484
160.6414 3.6208 2.8612 4.3803
161.2814 3.6491 2.8895 4.4086
161.9214 3.6795 2.9199 4.4390
162.5614 3.7175 3.1594 4.2757
163.2014 3.7434 3.1853 4.3015
163.8414 3.7759 3.2178 4.3340
164.4814 3.8086 3.2505 4.3667
165.1215 3.8316 3.2735 4.3897
165.7615 3.8351 3.2770 4.3932
166.4015 3.8375 3.2794 4.3956
167.0415 3.8390 3.2809 4.3971
167.6815 3.8491 3.2910 4.4072
168.3215 3.8516 3.2934 4.4097
168.9615 3.8623 3.3042 4.4204
169.6015 3.8672 3.3091 4.4253
170.2415 3.8810 3.3229 4.4391
170.8815 3.8949 3.1354 4.6545
171.5215 3.9003 3.1408 4.6599
172.1615 3.9149 3.1554 4.6745
172.8015 3.9292 3.1696 4.6887
173.4415 3.9323 3.1727 4.6918
174.0815 3.9364 3.1769 4.6960
174.7215 3.9326 3.1730 4.6921
175.3615 3.9257 3.1661 4.6852
176.0016 3.9197 3.1601 4.6792
176.6416 3.9132 3.1537 4.6728
177.2816 3.9036 3.1441 4.6632
177.9216 3.8995 3.1399 4.6590
178.5616 3.8929 3.1334 4.6525
179.2016 3.8827 3.1232 4.6423
179.8416 3.8712 3.1116 4.6307
180.4816 3.8603 3.1007 4.6199
181.1216 3.8483 3.0888 4.6079
181.7616 3.8363 3.0768 4.5959
182.4016 3.8245 3.0649 4.5840
183.0416 3.8135 3.0540 4.5731
183.6816 3.8034 3.0521 4.5546
184.3216 3.7920 3.0407 4.5432
184.9616 3.7813 3.0301 4.5326
185.6016 3.7724 3.0211 4.5236
186.2416 3.7622 3.0109 4.5134
186.8816 3.7510 2.9998 4.5023
187.5217 3.7408 2.9896 4.4921
188.1617 3.7307 2.9795 4.4820
188.8017 3.7198 2.9686 4.4711
189.4417 3.7087 2.9575 4.4600
190.0817 3.6980 2.9467 4.4492
190.7217 3.6878 2.9365 4.4390
191.3617 3.6772 2.9260 4.4285
192.0017 3.6665 2.9152 4.4177
192.6417 3.6561 2.9049 4.4074
193.2817 3.6456 2.8943 4.3968
193.9217 3.6353 2.8840 4.3865
194.5617 3.6247 2.8734 4.3759
195.2017 3.6143 2.8630 4.3655
195.8417 3.6039 2.8527 4.3552
196.4817 3.5941 2.8428 4.3453
197.1217 3.5856 2.8344 4.3369
197.7617 3.5842 2.8330 4.3355
198.4017 3.5754 2.8242 4.3267
199.0418 3.5663 2.8150 4.3175
199.6818 3.5564 2.8052 4.3077
