0.6400 8.9894 8.4825 9.4963
1.2800 10.6464 9.4412 11.8516
1.9200 10.6312 9.6977 11.5648
2.5600 10.8383 10.1208 11.5558
3.2000 11.0182 10.4359 11.6005
3.8400 10.6671 10.1410 11.1931
4.4800 10.2017 9.6899 10.7134
5.1200 9.8660 9.3344 10.3975
5.7600 9.5960 9.0690 10.1230
6.4000 9.3051 8.7782 9.8320
7.0400 9.0576 8.5336 9.5815
7.6800 8.8905 8.3901 9.3909
8.3200 8.7724 8.3043 9.2404
8.9600 8.7598 8.3099 9.2098
9.6000 8.7112 8.2989 9.1235
10.2400 8.6533 8.2721 9.0345
10.8800 8.5332 8.1612 8.9053
11.5200 8.4527 8.0962 8.8092
12.1600 8.2998 7.8229 8.7768
12.8000 8.2101 7.7208 8.6994
13.4400 8.1374 7.6738 8.6009
14.0800 8.0484 7.6007 8.4961
14.7200 7.9319 7.4842 8.3795
15.3600 7.9330 7.4852 8.3808
16.0000 7.7993 7.3752 8.2233
16.6400 7.6816 7.2407 8.1225
17.2800 7.6512 7.2250 8.0775
17.9200 7.6041 7.1779 8.0304
18.5600 7.6107 7.2036 8.0178
19.2000 7.5970 7.2060 7.9880
19.8400 7.6098 7.2351 7.9845
20.4800 7.5907 7.2311 7.9502
21.1200 7.5760 7.2164 7.9355
21.7600 7.5506 7.2044 7.8967
22.4000 7.5248 7.1905 7.8592
23.0400 7.5043 7.1811 7.8274
23.6800 7.4243 7.1011 7.7474
24.3200 7.3825 6.9502 7.8149
24.9600 7.3171 6.8855 7.7488
25.6000 7.2282 6.7965 7.6598
26.2400 7.1259 6.6630 7.5888
26.8800 7.0321 6.5692 7.4949
27.5200 6.9661 6.5032 7.4289
28.1600 6.8858 6.2279 7.5438
28.8000 6.7978 6.1398 7.4557
29.4400 6.7284 6.0705 7.3864
30.0800 6.6838 5.9722 7.3953
30.7200 6.6933 5.9818 7.4049
31.3600 6.6935 5.9819 7.4050
32.0000 6.6573 5.9458 7.3689
32.6400 6.6356 5.9240 7.3471
33.2800 6.5888 5.9459 7.2317
33.9200 6.5454 5.9025 7.1883
34.5600 6.5038 5.8609 7.1467
35.2000 6.4768 5.8339 7.1197
35.8400 6.4189 5.7760 7.0618
36.4800 6.3564 5.7301 6.9827
37.1200 6.2767 5.6504 6.9029
37.7600 6.2002 5.5740 6.8265
38.4000 6.1351 5.3641 6.9061
39.0400 6.0708 5.2998 6.8418
39.6800 6.0118 5.1509 6.8728
40.3200 5.9547 5.0937 6.8157
40.9600 5.9030 5.0421 6.7640
41.6000 5.8564 4.9954 6.7173
42.2400 5.8071 4.9461 6.6681
42.8800 5.7643 4.9033 6.6252
43.5200 5.7244 4.8634 6.5853
44.1600 5.6876 4.8267 6.5486
44.8000 5.6470 4.7860 6.5079
45.4400 5.6169 4.7559 6.4779
46.0800 5.5914 4.7380 6.4447
46.7200 5.5593 4.7059 6.4126
47.3600 5.5268 4.6735 6.3802
48.0000 5.4895 4.2429 6.7360
48.6400 5.4611 4.2146 6.7077
49.2800 5.4481 4.2016 6.6947
49.9200 5.4196 4.1730 6.6661
50.5600 5.3819 4.1354 6.6285
51.2000 5.3468 4.1002 6.5933
51.8400 5.3119 4.0653 6.5584
52.4800 5.2937 4.1377 6.4498
53.1200 5.2739 4.1179 6.4300
53.7600 5.2591 4.1030 6.4151
54.4000 5.2233 4.0673 6.3793
55.0400 5.1850 4.0290 6.3410
55.6800 5.1429 3.9869 6.2989
56.3200 5.1056 3.9496 6.2617
56.9600 5.0726 3.9165 6.2286
57.6000 5.0369 3.8809 6.1930
58.2400 5.0057 3.8497 6.1618
58.8800 4.9733 3.8173 6.1293
59.5200 4.9370 3.7809 6.0930
60.1600 4.8974 3.0593 6.7356
60.8000 4.8555 3.0173 6.6936
61.4400 4.8161 2.9780 6.6543
62.0800 4.7747 2.9366 6.6128
62.7200 4.7361 2.8979 6.5742
63.3600 4.6973 2.8592 6.5354
64.0000 4.6594 2.8213 6.4975
64.6400 4.6215 2.7834 6.4596
65.2800 4.5858 2.7477 6.4239
65.9200 4.5473 2.7091 6.3854
66.5600 4.5097 2.6716 6.3478
67.2000 4.4766 2.6385 6.3147
67.8400 4.4413 2.6032 6.2794
68.4800 4.4074 2.5692 6.2455
69.1200 4.3758 2.5377 6.2139
69.7600 4.3497 2.5116 6.1878
70.4000 4.3227 2.4846 6.1608
71.0400 4.3079 2.4698 6.1461
71.6800 4.2846 2.4465 6.1227
72.3200 4.2581 2.4199 6.0962
72.9600 4.2398 2.4017 6.0780
73.6000 4.2171 2.3789 6.0552
74.2400 4.1961 2.3579 6.0342
74.8800 4.1743 2.3362 6.0124
75.5200 4.1574 2.3193 5.9955
76.1600 4.1464 2.3083 5.9845
76.8000 4.1372 2.2991 5.9754
77.4400 4.1197 2.2815 5.9578
78.0800 4.1155 2.2774 5.9537
78.7200 4.1062 2.5140 5.6984
79.3600 4.0966 2.5044 5.6888
80.0000 4.0880 2.4958 5.6802
80.6400 4.0657 2.4735 5.6579
81.2800 4.0409 2.4487 5.6331
81.9200 4.0163 2.4241 5.6085
82.5600 3.9995 2.4073 5.5916
83.2000 3.9825 2.3903 5.5747
83.8400 3.9620 2.3699 5.5542
84.4800 3.9395 2.3473 5.5317
85.1200 3.9197 2.3275 5.5119
85.7600 3.8969 2.3047 5.4891
86.4000 3.8731 2.2809 5.4653
87.0400 3.8528 2.2607 5.4450
87.6800 3.8290 2.2368 5.4212
88.3200 3.8062 2.2140 5.3984
88.9600 3.7856 2.1934 5.3778
89.6000 3.7763 2.1841 5.3685
90.2400 3.7564 2.1642 5.3486
90.8800 3.7390 2.1468 5.3312
91.5200 3.7248 2.1326 5.3170
92.1600 3.7108 2.1186 5.3030
92.8000 3.7068 2.1146 5.2990
93.4400 3.6923 2.1001 5.2845
94.0800 3.6733 2.0811 5.2654
94.7200 3.6558 2.0636 5.2480
95.3600 3.6469 2.0547 5.2391
96.0000 3.6477 2.0555 5.2399
96.6400 3.6487 2.0565 5.2409
97.2800 3.6410 2.0488 5.2332
97.9200 3.6385 2.0463 5.2307
98.5600 3.6325 2.0403 5.2247
99.2000 3.6277 2.0355 5.2199
99.8400 3.6101 2.0179 5.2023
100.4800 3.5959 2.0037 5.1881
101.1200 3.5812 1.9890 5.1734
101.7600 3.5676 1.9754 5.1598
102.4000 3.5539 1.9617 5.1461
103.0400 3.5460 1.9538 5.1382
103.6800 3.5365 1.9443 5.1287
104.3200 3.5296 1.9374 5.1218
104.9600 3.5226 1.7534 5.2918
105.6000 3.5131 1.7439 5.2823
106.2400 3.5096 1.7404 5.2788
106.8800 3.5042 1.7349 5.2734
107.5200 3.5132 1.7440 5.2824
108.1600 3.5169 1.7477 5.2861
108.8000 3.5185 1.7493 5.2877
109.4400 3.5163 1.7470 5.2855
110.0800 3.5057 1.7365 5.2750
110.7200 3.5009 1.7317 5.2701
111.3600 3.4918 1.7226 5.2610
112.0000 3.4970 1.7278 5.2662
112.6400 3.4998 1.7306 5.2690
113.2800 3.4969 1.7277 5.2661
113.9200 3.5011 1.7319 5.2703
114.5600 3.5018 1.7325 5.2710
115.2000 3.4995 1.7303 5.2687
115.8400 3.4969 1.7277 5.2661
116.4800 3.4942 1.7250 5.2634
117.1200 3.4907 1.7215 5.2599
117.7600 3.4876 1.7184 5.2568
118.4000 3.4814 1.7122 5.2506
119.0400 3.4682 1.6990 5.2374
119.6800 3.4555 1.6863 5.2247
120.3200 3.4445 1.6753 5.2137
120.9600 3.4317 1.6625 5.2009
121.6000 3.4206 1.6514 5.1898
122.2400 3.4110 1.6418 5.1802
122.8800 3.4018 1.6326 5.1710
123.5200 3.3907 1.6215 5.1599
124.1600 3.3861 1.6169 5.1553
124.8000 3.3813 1.6121 5.1505
125.4400 3.3844 1.6152 5.1536
126.0800 3.3911 1.6218 5.1603
126.7200 3.4010 1.6318 5.1702
127.3600 3.4066 1.6374 5.1758
128.0000 3.4147 1.6455 5.1839
128.6400 3.4339 1.6647 5.2031
129.2800 3.4367 1.6675 5.2060
129.9200 3.4351 1.6659 5.2043
130.5600 3.4476 1.6784 5.2168
131.2000 3.4498 1.6806 5.2190
131.8400 3.4444 1.6752 5.2136
132.4800 3.4346 1.6654 5.2038
133.1200 3.4261 1.6568 5.1953
133.7600 3.4213 1.6521 5.1905
134.4000 3.4201 1.6509 5.1893
135.0400 3.4160 1.6468 5.1852
135.6800 3.4079 1.6386 5.1771
136.3200 3.4040 1.6348 5.1732
136.9600 3.4029 1.6337 5.1721
137.6000 3.4009 1.6317 5.1701
138.2400 3.3976 1.6284 5.1668
138.8800 3.3900 1.6208 5.1592
139.5200 3.3819 1.6127 5.1512
140.1600 3.3731 1.6039 5.1423
140.8000 3.3678 1.5986 5.1370
141.4400 3.3639 1.5947 5.1332
142.0800 3.3593 1.5900 5.1285
142.7200 3.3510 1.5818 5.1202
143.3600 3.3427 1.5735 5.1119
144.0000 3.3321 1.5629 5.1013
144.6400 3.3226 1.5534 5.0918
145.2800 3.3132 1.5439 5.0824
145.9200 3.3081 1.5388 5.0773
146.5600 3.3058 1.5365 5.0750
147.2000 3.3032 1.5340 5.0724
147.8400 3.2988 1.5296 5.0680
148.4800 3.2942 1.5250 5.0634
149.1200 3.2946 1.5254 5.0638
149.7600 3.2944 1.5252 5.0636
150.4000 3.2905 1.5213 5.0597
151.0400 3.2875 1.5182 5.0567
151.6800 3.2877 1.5185 5.0569
152.3200 3.2883 1.5191 5.0575
152.9600 3.2846 1.5154 5.0538
153.6000 3.2831 1.5139 5.0523
154.2400 3.2824 1.5132 5.0516
154.8800 3.2866 1.5173 5.0558
155.5200 3.2863 1.5171 5.0555
156.1600 3.2863 1.5171 5.0555
156.8000 3.2849 1.5157 5.0541
157.4400 3.2846 2.2353 4.3340
158.0800 3.2795 2.2302 4.3289
158.7200 3.2750 2.2257 4.3244
159.3600 3.2803 2.2309 4.3296
160.0000 3.2830 2.2337 4.3324
160.6400 3.2851 2.2358 4.3345
161.2800 3.2864 2.2370 4.3357
161.9200 3.2844 2.2350 4.3337
162.5600 3.2779 2.2286 4.3273
163.2000 3.2713 2.2219 4.3206
163.8400 3.2646 2.2152 4.3139
164.4800 3.2638 2.2144 4.3131
165.1200 3.2591 2.2098 4.3085
165.7600 3.2527 2.2033 4.3020
166.4000 3.2489 2.1996 4.2983
167.0400 3.2439 2.1945 4.2932
167.6800 3.2393 2.1899 4.2886
168.3200 3.2340 2.1847 4.2834
168.9600 3.2269 2.1776 4.2763
169.6000 3.2196 2.1703 4.2690
170.2400 3.2123 2.1630 4.2617
170.8800 3.2056 2.1562 4.2549
171.5200 3.1985 2.1491 4.2478
172.1600 3.1925 2.1432 4.2419
172.8000 3.1867 2.1373 4.2360
173.4400 3.1819 2.1325 4.2312
174.0800 3.1768 2.1274 4.2261
174.7200 3.1725 2.1231 4.2218
175.3600 3.1670 2.1176 4.2163
176.0000 3.1584 2.1090 4.2077
176.6400 3.1503 2.1009 4.1996
177.2800 3.1433 2.0940 4.1927
177.9200 3.1341 2.0847 4.1834
178.5600 3.1252 2.0758 4.1745
179.2000 3.1167 2.0674 4.1661
179.8400 3.1079 2.0585 4.1572
180.4800 3.1014 2.0521 4.1508
181.1200 3.0953 2.0460 4.1447
181.7600 3.0877 2.0384 4.1371
182.4000 3.0847 2.0354 4.1341
183.0400 3.0785 2.0291 4.1278
183.6800 3.0767 2.0274 4.1261
184.3200 3.0739 2.0246 4.1233
184.9600 3.0696 2.0203 4.1190
185.6000 3.0659 2.0165 4.1152
186.2400 3.0640 2.0146 4.1133
186.8800 3.0619 2.0125 4.1112
187.5200 3.0652 2.0158 4.1145
188.1600 3.0596 2.0102 4.1089
188.8000 3.0539 2.0045 4.1032
189.4400 3.0524 2.0030 4.1017
190.0800 3.0477 1.9983 4.0970
190.7200 3.0415 1.9922 4.0909
191.3600 3.0375 1.9882 4.0869
192.0000 3.0338 1.9845 4.0832
192.6400 3.0324 1.9830 4.0817
193.2800 3.0319 1.9826 4.0813
193.9200 3.0319 1.9826 4.0813
194.5600 3.0294 1.9800 4.0787
195.2000 3.0287 1.9793 4.0780
195.8400 3.0306 1.9813 4.0800
196.4800 3.0306 1.9813 4.0800
197.1200 3.0303 1.9809 4.0796
197.7600 3.0277 1.9783 4.0770
198.4000 3.0239 1.9745 4.0732
199.0400 3.0184 1.9690 4.0677
199.6800 3.0132 1.9639 4.0626
200.3200 3.0068 1.9575 4.0562
200.9600 3.0034 1.9540 4.0527
201.6000 2.9997 1.9503 4.0490
202.2400 2.9967 1.9474 4.0461
202.8800 2.9937 1.9443 4.0430
203.5200 2.9915 1.9421 4.0408
204.1600 2.9882 1.9388 4.0375
204.8000 2.9826 1.9333 4.0320
205.4400 2.9818 1.9324 4.0311
206.0800 2.9806 1.9312 4.0299
206.7200 2.9772 1.9278 4.0265
207.3600 2.9767 1.9274 4.0261
208.0000 2.9765 1.9272 4.0259
208.6400 2.9757 1.9264 4.0251
209.2800 2.9779 1.9286 4.0273
209.9200 2.9761 2.1730 3.7793
210.5600 2.9763 2.1732 3.7795
211.2000 2.9779 2.1748 3.7811
211.8400 2.9833 2.1802 3.7865
212.4800 2.9927 2.1895 3.7959
213.1200 3.0009 2.1978 3.8041
213.7600 3.0050 2.2018 3.8081
214.4000 3.0011 2.1979 3.8042
215.0400 2.9956 2.1924 3.7987
215.6800 2.9931 2.1899 3.7962
216.3200 2.9940 2.1908 3.7971
216.9600 2.9979 2.1948 3.8011
217.6000 2.9992 2.1960 3.8024
218.2400 2.9956 2.1925 3.7988
218.8800 2.9944 2.1913 3.7976
219.5200 2.9897 2.1865 3.7929
220.1600 2.9906 2.1875 3.7938
220.8000 3.0017 2.1986 3.8049
221.4400 3.0220 2.2189 3.8252
222.0800 3.0415 2.2383 3.8447
222.7200 3.0575 2.2543 3.8606
223.3600 3.0737 2.2706 3.8769
224.0000 3.0980 2.4631 3.7328
224.6400 3.1111 2.4762 3.7459
225.2800 3.1304 2.4956 3.7652
225.9200 3.1493 2.5145 3.7841
226.5600 3.1674 2.5326 3.8022
227.2000 3.1865 2.5517 3.8213
227.8400 3.2102 2.5753 3.8450
228.4800 3.2313 2.5964 3.8661
229.1200 3.2528 2.6180 3.8876
229.7600 3.2767 2.6419 3.9115
230.4000 3.2943 2.6595 3.9292
231.0400 3.3145 2.6797 3.9494
231.6800 3.3338 2.6990 3.9686
232.3200 3.3497 2.7149 3.9845
232.9600 3.3630 2.7282 3.9978
233.6000 3.3662 2.7314 4.0010
234.2400 3.3688 2.7340 4.0036
234.8800 3.3698 2.7350 4.0046
235.5200 3.3783 2.7435 4.0131
236.1600 3.3784 2.6906 4.0662
236.8000 3.3841 2.6964 4.0719
237.4400 3.3957 2.7079 4.0835
238.0800 3.4060 2.7182 4.0937
238.7200 3.4207 2.7329 4.1084
239.3600 3.4252 2.7375 4.1130
240.0000 3.4338 2.7461 4.1216
240.6400 3.4352 2.7474 4.1229
241.2800 3.4431 2.7554 4.1309
241.9200 3.4565 2.7688 4.1443
242.5600 3.4597 2.7720 4.1475
243.2000 3.4640 2.7762 4.1517
243.8400 3.4644 2.7767 4.1522
244.4800 3.4615 2.7737 4.1493
245.1200 3.4571 2.7693 4.1448
245.7600 3.4545 2.7668 4.1423
246.4000 3.4509 2.7631 4.1386
247.0400 3.4453 2.7575 4.1330
247.6800 3.4431 2.7553 4.1309
248.3200 3.4401 2.7523 4.1279
248.9600 3.4344 2.7466 4.1221
249.6000 3.4276 2.7398 4.1153
250.2400 3.4212 2.7334 4.1089
250.8800 3.4142 2.7264 4.1019
251.5200 3.4073 2.7196 4.0951
252.1600 3.3999 2.7121 4.0876
252.8000 3.3936 2.7059 4.0814
253.4400 3.3877 2.6999 4.0754
254.0800 3.3814 2.6937 4.0692
254.7200 3.3744 2.5712 4.1776
255.3600 3.3679 2.5647 4.1710
256.0000 3.3613 2.5581 4.1644
256.6400 3.3560 2.5528 4.1592
257.2800 3.3503 2.5472 4.1535
257.9200 3.3441 2.5409 4.1473
258.5600 3.3371 2.5339 4.1402
259.2000 3.3308 2.5276 4.1340
259.8400 3.3241 2.5209 4.1273
260.4800 3.3181 2.5149 4.1212
261.1200 3.3115 2.5083 4.1146
261.7600 3.3048 2.5017 4.1080
262.4000 3.2983 2.6785 3.9181
263.0400 3.2919 2.6721 3.9117
263.6800 3.2850 2.6652 3.9048
264.3200 3.2786 2.6588 3.8985
264.9600 3.2719 2.6521 3.8917
265.6000 3.2655 2.6457 3.8853
266.2400 3.2588 2.6390 3.8786
266.8800 3.2524 2.6326 3.8723
267.5200 3.2459 2.6261 3.8658
268.1600 3.2395 2.6197 3.8593
268.8000 3.2330 2.6131 3.8528
269.4400 3.2265 2.6067 3.8464
270.0800 3.2200 2.6002 3.8398
270.7200 3.2135 2.5937 3.8333
271.3600 3.2071 2.5873 3.8269
272.0000 3.2024 2.5826 3.8222
272.6400 3.2018 2.5820 3.8216
273.2800 3.1963 2.5765 3.8162
273.9200 3.1907 2.5708 3.8105
274.5600 3.1845 2.5647 3.8043
275.2000 3.1781 2.5583 3.7979
