2.188578e-03
9.739502e-04
5.830303e-05
3.237116e-05
1.536036e-04
6.322142e-05
1.799735e-04
4.515612e-03
5.370457e-05
1.675450e-04
1.704520e-05
7.870273e-05
6.153870e-04
1.648273e-05
5.613660e-04
7.052001e-05
1.027489e-04
1.256925e-03
5.448779e-03
1.611018e-03
1.606668e-03
3.371526e-03
4.701941e-04
1.512476e-04
1.356424e-04
1.032858e-03
3.492921e-03
1.034656e-04
2.495334e-04
9.009492e-05
5.885677e-05
4.030045e-04
5.762104e-04
8.316189e-05
2.786255e-04
4.499160e-04
2.421426e-03
3.190883e-04
3.073408e-05
1.005836e-03
2.660480e-07
1.374234e-04
1.604167e-04
1.359791e-04
9.411589e-04
3.244251e-04
8.296579e-08
2.829191e-07
1.213019e-04
2.102805e-04
1.975034e-04
3.383094e-05
7.959252e-04
9.672638e-05
1.885569e-06
1.788680e-04
1.047456e-03
7.926157e-04
1.279607e-04
4.073550e-04
2.703692e-04
2.608136e-04
4.465542e-03
1.999756e-03
6.947717e-05
3.259824e-04
2.826183e-02
1.918261e-03
2.935211e-03
3.151735e-04
3.458957e-04
2.652621e-05
4.036172e-03
1.493226e-04
7.325893e-03
3.809078e-04
5.559754e-05
1.189791e-03
2.627430e-04
3.280183e-04
6.095218e-04
2.058093e-03
5.347331e-04
7.165383e-05
3.206939e-03
6.095836e-03
3.576846e-05
1.853251e-03
8.300783e-05
1.683100e-05
8.158627e-03
3.553244e-03
8.402331e-05
7.415518e-03
4.419647e-04
3.147052e-04
7.481128e-05
1.487962e-04
1.408107e-04
1.433030e-04
1.454435e-04
8.999317e-04
9.294920e-05
3.399588e-05
2.487066e-02
1.640693e-03
1.707582e-03
3.826902e-04
4.128601e-05
3.806504e-04
4.032367e-04
6.670089e-04
2.377087e-05
3.153652e-05
4.747227e-04
3.216538e-04
2.356144e-04
5.917144e-05
2.704499e-04
1.682674e-05
3.209258e-04
3.443804e-03
2.859128e-04
6.753256e-04
3.956500e-04
1.151697e-04
1.735183e-04
1.137170e-04
5.388269e-04
1.999143e-04
1.086854e-03
1.354120e-03
6.723935e-04
1.674743e-04
1.481037e-04
1.384069e-03
7.121218e-05
9.343732e-05
1.661732e-04
4.642557e-04
3.140717e-05
3.933880e-03
1.541712e-04
5.670752e-06
3.766241e-04
3.896265e-04
2.875683e-04
1.882158e-03
9.991274e-04
8.246693e-04
1.441337e-04
1.812031e-04
5.460406e-04
2.894201e-03
3.382787e-04
1.612969e-03
2.234022e-04
1.511805e-04
3.757915e-05
3.067817e-04
7.792806e-05
1.492892e-03
5.852917e-04
1.889957e-05
4.919680e-04
9.824226e-04
1.787489e-03
7.194094e-05
4.134010e-05
1.505848e-03
4.632199e-03
4.528057e-04
3.779942e-04
9.398717e-04
2.318326e-03
1.553849e-04
1.434256e-04
1.949440e-03
9.490391e-05
1.790117e-04
1.525872e-04
3.516016e-03
1.530930e-04
2.270559e-03
1.132008e-03
1.254090e-03
2.462514e-04
9.135906e-05
4.872533e-04
2.864157e-04
4.166662e-04
1.394845e-04
1.580966e-04
5.565480e-04
1.917761e-03
1.210347e-03
1.761318e-04
5.967700e-04
1.418197e-03
7.709142e-04
2.698818e-05
1.813329e-03
8.946185e-05
4.757698e-05
4.827892e-04
4.019607e-04
1.732901e-03
3.301898e-03
2.852522e-02
7.537323e-03
1.589207e-04
8.381335e-04
6.786412e-05
1.065775e-04
4.772185e-03
1.435256e-03
2.529637e-03
2.862673e-04
6.588008e-05
1.731987e-03
2.820470e-04
3.714821e-04
7.632664e-05
4.344786e-05
1.298411e-04
1.248184e-03
2.972864e-05
1.517822e-02
5.703625e-05
7.762054e-04
2.723407e-03
2.267949e-04
6.834024e-05
1.112137e-04
4.317669e-05
1.065552e-04
9.747602e-05
1.402654e-04
1.167354e-04
5.822765e-04
4.841386e-05
7.590801e-05
1.100706e-02
2.708946e-05
1.296421e-03
9.506548e-05
6.700443e-06
1.155350e-04
2.013470e-03
7.672632e-06
4.933641e-05
2.622483e-05
6.744575e-04
9.569960e-05
1.228207e-04
2.663354e-05
1.807218e-05
2.280699e-05
2.320459e-04
1.878581e-04
3.504705e-04
9.389256e-05
1.778986e-04
1.030146e-03
3.570114e-04
4.918972e-05
4.502682e-05
5.693197e-05
1.061011e-04
1.219883e-04
1.917773e-04
3.863370e-04
2.071904e-04
9.916855e-06
2.795355e-05
3.000358e-04
3.010220e-04
1.250171e-05
2.237998e-05
3.422650e-05
4.960689e-04
4.095127e-05
3.338440e-04
8.865767e-04
4.651840e-05
6.328163e-04
2.176903e-05
6.934151e-05
6.488580e-04
3.213625e-05
7.284671e-04
5.941587e-05
5.493395e-04
1.439006e-04
9.883594e-04
3.550120e-04
2.292562e-03
1.674147e-04
3.878210e-03
1.137809e-04
3.837946e-03
1.112966e-05
2.308087e-04
5.082026e-05
8.752609e-04
3.421493e-04
4.117255e-06
2.298430e-04
1.126201e-05
7.978224e-03
7.136136e-04
1.257406e-04
4.894497e-04
1.138458e-03
6.121518e-05
9.923103e-05
9.497136e-05
3.121039e-04
5.673354e-05
1.153402e-03
1.938996e-04
1.273914e-04
1.411026e-04
1.084904e-04
1.023096e-04
1.601601e-05
2.158953e-04
4.180222e-04
1.717603e-04
4.164633e-04
1.491065e-04
1.031762e-04
4.994110e-05
2.552256e-03
2.612105e-04
3.436717e-04
1.607919e-04
2.250747e-03
4.467120e-05
6.729369e-06
9.782435e-05
2.046725e-02
3.161132e-04
2.500279e-05
5.772255e-04
1.146612e-03
8.251389e-04
3.197400e-05
9.252154e-05
2.865582e-03
1.470698e-04
4.852848e-05
4.159367e-04
2.467083e-02
8.072913e-03
2.694397e-03
5.288766e-05
2.957542e-05
3.736634e-03
3.820992e-05
1.468783e-03
2.028121e-03
1.394221e-04
1.238681e-03
4.087181e-05
1.568453e-04
8.952239e-06
1.747953e-03
1.038668e-02
6.791296e-04
6.221407e-05
1.559662e-04
9.918302e-04
7.112389e-05
2.694322e-04
8.965772e-05
4.866483e-03
2.548524e-04
6.616327e-03
1.181559e-05
8.388399e-04
8.118407e-04
1.199209e-03
5.234338e-04
8.931415e-04
3.282315e-05
1.234683e-05
1.274099e-06
1.727062e-04
4.080769e-06
3.567209e-04
2.630719e-04
3.517543e-04
2.019916e-03
4.116489e-04
3.608751e-05
8.107386e-04
2.602930e-03
2.101305e-03
2.724069e-05
5.193486e-05
1.486250e-03
3.561654e-04
2.936585e-04
7.279702e-04
1.363402e-03
6.201238e-04
9.515654e-04
2.929457e-04
4.716948e-04
1.391016e-04
1.121701e-04
2.278632e-04
2.766816e-03
1.814512e-03
7.441516e-05
2.114786e-03
4.185938e-04
4.228327e-04
6.422552e-05
2.912961e-03
3.297635e-04
4.816295e-04
1.832060e-03
7.001559e-04
1.281750e-03
1.081118e-04
3.465867e-03
1.884534e-04
5.655862e-05
2.146163e-04
5.296246e-05
2.484528e-04
5.666269e-04
3.789280e-04
1.368355e-04
7.867130e-04
7.092646e-05
6.442937e-05
2.808850e-04
1.156257e-04
1.000040e-03
9.377601e-05
2.534710e-03
7.748765e-05
1.291151e-04
2.640950e-04
2.723381e-03
8.770994e-04
3.809925e-03
3.814923e-03
9.411565e-04
4.218641e-04
1.347566e-03
1.341129e-03
1.056183e-04
1.070535e-04
1.859830e-05
6.100405e-05
5.114341e-05
2.668097e-04
4.233532e-04
1.578583e-03
1.196811e-03
7.245541e-05
2.032339e-04
1.353689e-03
1.348120e-03
3.408312e-05
2.994623e-04
1.018377e-03
1.605746e-03
7.421808e-04
1.166509e-03
2.192031e-04
5.271371e-04
1.269564e-03
2.016649e-03
5.183803e-05
1.610166e-04
1.278791e-04
1.871926e-05
8.000844e-05
9.080012e-04
8.614933e-05
5.492063e-03
3.204147e-05
6.236163e-05
6.173746e-04
7.241690e-05
3.784425e-03
2.709665e-03
2.717898e-04
1.071596e-04
1.928250e-05
3.653631e-04
2.112134e-04
1.209846e-04
1.381861e-04
1.779292e-06
5.302269e-04
7.430995e-04
6.190672e-04
1.775921e-05
1.938218e-04
2.980171e-05
4.438841e-05
2.361500e-04
2.328326e-03
1.091079e-04
7.408210e-05
2.036977e-05
4.135228e-05
7.335118e-04
2.908072e-03
1.411805e-05
1.745951e-04
1.097269e-04
2.410433e-04
3.643956e-06
7.608795e-05
1.469248e-03
5.220682e-06
5.677761e-04
9.128459e-04
2.295199e-05
3.403151e-05
8.772930e-06
1.335216e-04
1.037733e-03
1.003424e-04
5.440473e-05
4.003784e-05
7.358183e-04
2.665019e-05
4.931976e-04
4.190998e-05
4.084503e-05
2.644209e-05
2.645956e-04
4.861423e-03
1.994243e-04
1.019059e-04
2.206951e-03
2.582324e-04
5.745248e-04
2.127905e-03
9.152963e-06
8.244102e-05
2.317991e-05
4.920810e-05
1.550848e-04
2.509006e-04
3.937620e-03
1.438474e-03
2.348130e-04
8.550654e-04
3.247796e-03
1.568953e-03
2.423294e-03
4.071725e-05
1.589229e-03
8.943011e-06
5.168496e-04
1.500785e-02
3.358053e-05
3.571138e-04
1.012535e-02
2.898212e-03
1.645043e-04
4.063887e-03
2.904025e-03
3.301843e-03
2.159588e-02
2.054189e-04
1.497766e-04
7.561314e-06
2.539556e-04
7.420669e-04
2.297600e-03
1.699805e-03
5.551566e-05
1.713519e-04
2.983180e-04
1.451156e-04
2.094326e-04
3.774728e-04
6.483807e-05
7.223737e-05
2.123169e-04
3.076555e-05
2.307562e-04
2.906584e-04
1.260340e-03
1.618297e-03
7.860772e-04
1.015345e-03
6.118061e-04
4.680804e-04
3.158640e-03
1.694438e-04
1.097682e-04
1.827935e-04
6.892824e-04
4.799357e-04
1.060131e-04
1.606469e-04
2.962594e-05
1.728126e-05
1.710261e-04
8.084899e-04
2.001681e-03
7.537243e-04
1.423315e-04
1.264937e-03
1.814251e-03
1.662551e-04
2.785376e-03
3.368344e-04
9.090914e-06
2.930695e-05
2.417156e-03
1.157192e-04
1.244797e-03
8.737208e-04
8.176421e-03
1.139840e-03
5.651587e-04
6.310806e-05
3.352421e-04
5.816466e-05
1.793887e-03
8.262076e-05
3.591587e-04
2.019982e-04
4.341692e-04
1.448043e-04
2.131125e-04
2.858794e-05
2.607013e-03
2.497033e-04
1.365079e-04
2.505343e-05
3.207779e-04
1.470822e-04
1.802201e-04
3.233596e-04
2.023904e-03
3.656028e-03
2.207858e-04
5.655928e-05
4.271097e-05
2.659878e-03
2.012085e-04
1.274346e-03
1.313508e-04
8.697895e-05
8.407907e-05
7.781770e-03
5.737836e-03
5.832060e-05
2.499147e-03
9.602868e-04
5.477630e-05
4.867034e-04
9.510038e-05
9.526813e-05
3.868123e-04
1.377541e-04
1.072837e-03
5.040619e-04
7.899835e-04
3.962226e-04
1.857494e-05
7.936297e-05
5.630797e-04
1.626166e-05
1.138658e-03
1.916359e-04
4.175743e-04
2.501063e-05
2.195064e-03
2.543325e-04
2.097326e-05
2.871293e-05
9.743669e-04
4.418966e-04
1.384712e-03
1.432013e-05
1.135796e-03
4.162570e-04
3.605300e-03
1.572213e-04
1.825087e-05
1.314226e-05
5.603578e-05
1.937449e-04
1.181431e-05
1.007704e-04
4.034393e-05
1.300599e-04
1.194270e-04
4.291955e-06
1.230548e-04
8.449099e-04
5.673308e-04
6.296432e-05
2.181310e-04
1.951104e-05
6.254496e-04
3.068317e-04
1.394119e-04
9.414068e-05
2.053315e-04
3.663546e-04
1.386937e-04
3.342328e-05
1.458418e-04
9.008596e-05
1.758654e-04
1.621585e-04
4.833888e-05
4.206960e-05
1.471547e-04
7.779710e-05
3.702309e-05
1.813095e-03
1.177312e-04
3.873696e-04
1.699122e-05
2.754823e-04
1.621915e-04
2.751771e-04
5.913046e-04
7.370077e-05
2.470636e-05
7.853594e-06
4.345843e-05
1.904954e-05
6.963297e-04
1.088560e-04
1.214071e-04
2.000151e-04
9.213435e-06
2.125065e-05
1.015874e-04
3.750862e-04
7.091509e-04
1.277281e-03
1.617075e-04
8.769283e-05
3.136493e-04
2.736763e-05
7.678335e-04
2.006593e-05
2.041329e-04
1.867076e-05
3.835782e-04
1.139683e-04
2.978315e-05
3.296102e-05
2.955577e-05
4.524489e-05
5.286983e-05
1.489369e-04
1.217320e-03
8.315454e-05
4.045683e-05
1.545736e-04
6.624548e-05
1.278161e-04
1.622436e-04
2.937906e-03
4.722457e-03
1.763871e-03
7.781394e-04
3.505702e-05
6.022942e-04
5.583897e-05
1.539838e-04
1.142656e-04
3.558986e-05
1.614028e-04
1.372000e-04
9.091266e-04
1.983788e-04
3.784115e-04
3.621517e-04
5.727364e-04
4.698048e-03
8.526739e-04
6.135107e-05
8.141197e-03
4.430238e-04
1.180830e-04
3.162987e-03
4.876865e-05
9.725798e-06
1.594692e-05
5.501463e-05
1.930819e-04
3.680194e-05
1.326378e-04
6.167038e-04
7.707864e-05
4.658577e-05
3.320606e-04
2.209151e-04
1.109862e-03
7.553846e-04
4.832800e-04
1.267349e-03
5.502847e-05
2.999470e-04
7.498871e-06
1.531472e-03
1.011811e-05
2.698581e-04
5.224858e-04
7.021891e-04
1.772623e-06
4.125052e-04
6.804448e-05
2.409141e-04
7.496545e-05
2.287254e-04
6.260806e-04
1.986964e-04
4.573765e-05
4.970131e-04
5.189486e-04
1.143592e-04
1.265785e-04
1.445524e-04
1.330729e-05
1.233677e-04
3.007509e-03
2.288218e-04
2.234159e-04
1.586975e-04
2.866964e-04
7.592011e-04
4.830095e-04
4.384321e-04
6.747227e-04
5.973054e-04
2.741248e-03
1.325324e-03
1.832206e-03
2.994373e-03
5.893583e-04
3.460856e-04
1.988677e-04
6.102226e-05
6.016671e-05
2.403293e-04
3.156141e-04
2.625928e-04
1.092546e-04
1.853054e-04
1.439225e-04
8.147883e-05
1.368951e-04
2.235507e-04
2.694013e-04
3.395216e-03
1.636419e-04
2.016119e-05
3.973417e-05
6.053867e-05
8.299587e-05
4.380024e-05
1.716693e-04
3.818013e-04
1.593306e-05
6.983855e-05
2.628114e-05
2.099860e-03
1.382120e-04
2.614194e-04
8.215532e-04
1.577647e-04
1.464386e-02
2.233258e-05
3.223643e-05
2.505865e-03
1.878706e-05
1.164944e-04
4.259257e-04
2.992309e-05
4.167014e-03
7.944290e-06
1.725995e-03
8.168855e-03
3.380482e-05
2.985456e-04
4.574764e-03
2.924364e-03
1.272733e-04
1.484209e-04
3.583703e-05
2.796153e-03
3.315403e-05
8.278515e-05
3.207171e-05
7.554260e-05
1.822326e-04
1.354688e-04
3.121023e-04
2.551347e-04
1.544974e-04
1.924288e-04
1.718067e-05
3.704204e-04
9.700881e-04
9.795251e-04
1.393557e-03
1.102378e-03
2.520871e-04
6.315899e-04
1.909533e-03
1.292887e-04
2.489539e-04
1.252152e-03
6.956282e-05
1.085754e-04
2.519130e-04
6.622410e-04
4.425215e-04
4.650386e-05
1.166985e-04
3.233098e-04
4.437999e-04
4.031706e-04
5.209937e-04
2.372541e-04
1.844587e-04
2.500158e-04
1.002187e-02
9.989923e-05
5.095281e-04
3.292284e-04
1.382783e-04
4.265961e-05
2.974777e-05
3.212856e-05
1.831956e-05
2.072701e-03
8.290270e-05
9.672000e-05
3.788587e-04
4.100574e-03
1.470071e-03
2.765532e-02
8.249355e-05
1.792905e-04
6.913463e-04
2.768750e-05
1.399981e-03
2.152916e-03
5.802776e-04
4.911650e-04
1.804815e-05
4.661399e-05
1.769052e-04
1.317394e-03
9.894648e-04
2.257736e-04
4.546441e-04
4.110419e-04
1.674649e-05
1.622848e-04
1.160479e-04
7.451523e-04
3.445679e-05
2.052152e-04
2.678026e-04
2.693466e-05
1.601707e-04
4.551093e-05
8.278662e-04
4.389337e-02
2.023671e-05
1.436067e-04
1.966890e-04
1.307518e-05
5.803095e-04
5.590647e-04
