 0.002188578019
 0.000973950176
 0.000058303031
 0.000032371162
 0.000153603644
 0.000063221422
 0.000179973494
 0.004515611776
 0.000053704572
 0.000167545033
 0.000017045205
 0.000078702731
 0.000615386955
 0.000016482727
 0.000561366045
 0.000070520010
 0.000102748878
 0.001256924975
 0.005448778508
 0.001611018457
 0.001606668022
 0.003371526444
 0.000470194144
 0.000151247625
 0.000135642377
 0.001032857725
 0.003492921297
 0.000103465576
 0.000249533372
 0.000090094924
 0.000058856773
 0.000403004517
 0.000576210385
 0.000083161889
 0.000278625500
 0.000449916006
 0.002421425598
 0.000319088307
 0.000030734081
 0.001005835857
 0.000000266048
 0.000137423401
 0.000160416723
 0.000135979129
 0.000941158900
 0.000324425090
 0.000000082966
 0.000000282919
 0.000121301890
 0.000210280477
 0.000197503432
 0.000033830938
 0.000795925175
 0.000096726383
 0.000001885569
 0.000178867951
 0.001047455989
 0.000792615698
 0.000127960734
 0.000407354975
 0.000270369225
 0.000260813565
 0.004465541733
 0.001999755887
 0.000069477172
 0.000325982438
 0.028261830916
 0.001918261497
 0.002935211105
 0.000315173511
 0.000345895693
 0.000026526211
 0.004036172044
 0.000149322646
 0.007325893294
 0.000380907824
 0.000055597542
 0.001189790708
 0.000262743016
 0.000328018296
 0.000609521771
 0.002058093307
 0.000534733082
 0.000071653830
 0.003206938906
 0.006095836125
 0.000035768461
 0.001853250753
 0.000083007830
 0.000016831004
 0.008158626783
 0.003553243665
 0.000084023307
 0.007415518293
 0.000441964654
 0.000314705235
 0.000074811276
 0.000148796164
 0.000140810656
 0.000143302981
 0.000145443528
 0.000899931659
 0.000092949199
 0.000033995881
 0.024870663006
 0.001640693346
 0.001707581757
 0.000382690216
 0.000041286008
 0.000380650419
 0.000403236659
 0.000667008933
 0.000023770867
 0.000031536522
 0.000474722680
 0.000321653825
 0.000235614427
 0.000059171444
 0.000270449918
 0.000016826737
 0.000320925828
 0.003443804237
 0.000285912794
 0.000675325620
 0.000395649961
 0.000115169722
 0.000173518268
 0.000113717042
 0.000538826887
 0.000199914251
 0.001086853790
 0.001354120027
 0.000672393506
 0.000167474295
 0.000148103747
 0.001384068987
 0.000071212178
 0.000093437320
 0.000166173197
 0.000464255704
 0.000031407168
 0.003933879754
 0.000154171169
 0.000005670752
 0.000376624092
 0.000389626475
 0.000287568264
 0.001882157989
 0.000999127428
 0.000824669255
 0.000144133697
 0.000181203097
 0.000546040555
 0.002894200652
 0.000338278654
 0.001612968672
 0.000223402206
 0.000151180522
 0.000037579149
 0.000306781719
 0.000077928065
 0.001492891722
 0.000585291745
 0.000018899573
 0.000491968028
 0.000982422581
 0.001787488861
 0.000071940941
 0.000041340100
 0.001505848100
 0.004632199325
 0.000452805740
 0.000377994231
 0.000939871729
 0.002318326198
 0.000155384948
 0.000143425571
 0.001949439514
 0.000094903908
 0.000179011738
 0.000152587229
 0.003516016299
 0.000153093003
 0.002270559493
 0.001132007999
 0.001254090020
 0.000246251357
 0.000091359056
 0.000487253268
 0.000286415651
 0.000416666158
 0.000139484540
 0.000158096617
 0.000556547977
 0.001917760795
 0.001210347011
 0.000176131830
 0.000596770014
 0.001418196544
 0.000770914236
 0.000026988180
 0.001813329396
 0.000089461855
 0.000047576979
 0.000482789247
 0.000401960748
 0.001732900861
 0.003301898165
 0.028525218406
 0.007537322604
 0.000158920725
 0.000838133547
 0.000067864125
 0.000106577476
 0.004772185475
 0.001435255884
 0.002529636701
 0.000286267303
 0.000065880082
 0.001731986862
 0.000282047018
 0.000371482101
 0.000076326641
 0.000043447861
 0.000129841117
 0.001248183720
 0.000029728644
 0.015178219859
 0.000057036255
 0.000776205431
 0.002723406991
 0.000226794945
 0.000068340238
 0.000111213668
 0.000043176692
 0.000106555173
 0.000097476019
 0.000140265399
 0.000116735359
 0.000582276519
 0.000048413861
 0.000075908012
 0.011007057138
 0.000027089457
 0.001296421351
 0.000095065481
 0.000006700443
 0.000115534991
 0.002013469617
 0.000007672632
 0.000049336414
 0.000026224831
 0.000674457450
 0.000095699604
 0.000122820652
 0.000026633538
 0.000018072182
 0.000022806994
 0.000232045878
 0.000187858069
 0.000350470515
 0.000093892558
 0.000177898618
 0.001030146186
 0.000357011429
 0.000049189723
 0.000045026816
 0.000056931970
 0.000106101075
 0.000121988292
 0.000191777256
 0.000386337034
 0.000207190408
 0.000009916855
 0.000027953545
 0.000300035774
 0.000301021992
 0.000012501705
 0.000022379977
 0.000034226505
 0.000496068873
 0.000040951268
 0.000333844024
 0.000886576714
 0.000046518401
 0.000632816284
 0.000021769033
 0.000069341514
 0.000648858019
 0.000032136248
 0.000728467078
 0.000059415869
 0.000549339532
 0.000143900550
 0.000988359393
 0.000355012046
 0.002292562221
 0.000167414674
 0.003878210361
 0.000113780904
 0.003837946295
 0.000011129655
 0.000230808739
 0.000050820264
 0.000875260873
 0.000342149327
 0.000004117255
 0.000229842981
 0.000011262009
 0.007978224443
 0.000713613631
 0.000125740553
 0.000489449683
 0.001138458037
 0.000061215176
 0.000099231027
 0.000094971364
 0.000312103906
 0.000056733540
 0.001153402317
 0.000193899558
 0.000127391429
 0.000141102616
 0.000108490383
 0.000102309605
 0.000016016009
 0.000215895280
 0.000418022171
 0.000171760265
 0.000416463299
 0.000149106507
 0.000103176210
 0.000049941098
 0.002552255830
 0.000261210487
 0.000343671690
 0.000160791886
 0.002250747404
 0.000044671200
 0.000006729369
 0.000097824351
 0.020467250229
 0.000316113160
 0.000025002795
 0.000577225534
 0.001146612114
 0.000825138866
 0.000031973999
 0.000092521541
 0.002865582274
 0.000147069799
 0.000048528476
 0.000415936717
 0.024670831555
 0.008072912539
 0.002694396564
 0.000052887659
 0.000029575417
 0.003736634131
 0.000038209921
 0.001468782733
 0.002028120937
 0.000139422123
 0.001238680979
 0.000040871812
 0.000156845267
 0.000008952239
 0.001747953151
 0.010386678138
 0.000679129649
 0.000062214074
 0.000155966236
 0.000991830190
 0.000071123889
 0.000269432165
 0.000089657715
 0.004866483015
 0.000254852356
 0.006616326641
 0.000011815587
 0.000838839869
 0.000811840682
 0.001199209476
 0.000523433796
 0.000893141525
 0.000032823155
 0.000012346829
 0.000001274099
 0.000172706210
 0.000004080769
 0.000356720885
 0.000263071928
 0.000351754252
 0.002019915929
 0.000411648947
 0.000036087506
 0.000810738600
 0.002602929669
 0.002101304596
 0.000027240692
 0.000051934857
 0.001486250152
 0.000356165422
 0.000293658526
 0.000727970150
 0.001363401740
 0.000620123839
 0.000951565435
 0.000292945724
 0.000471694820
 0.000139101598
 0.000112170147
 0.000227863176
 0.002766815701
 0.001814511631
 0.000074415161
 0.002114785706
 0.000418593803
 0.000422832713
 0.000064225518
 0.002912960504
 0.000329763515
 0.000481629530
 0.001832060438
 0.000700155866
 0.001281749997
 0.000108111827
 0.003465867413
 0.000188453378
 0.000056558615
 0.000214616278
 0.000052962457
 0.000248452829
 0.000566626894
 0.000378928008
 0.000136835515
 0.000786713026
 0.000070926461
 0.000064429366
 0.000280884966
 0.000115625659
 0.001000039852
 0.000093776009
 0.002534709830
 0.000077487647
 0.000129115051
 0.000264095028
 0.002723380533
 0.000877099426
 0.003809925394
 0.003814923458
 0.000941156542
 0.000421864060
 0.001347565922
 0.001341128923
 0.000105618336
 0.000107053536
 0.000018598303
 0.000061004054
 0.000051143410
 0.000266809656
 0.000423353232
 0.001578583069
 0.001196810582
 0.000072455410
 0.000203233923
 0.001353689099
 0.001348120171
 0.000034083116
 0.000299462305
 0.001018376910
 0.001605746415
 0.000742180845
 0.001166509057
 0.000219203101
 0.000527137132
 0.001269563897
 0.002016649369
 0.000051838033
 0.000161016631
 0.000127879112
 0.000018719264
 0.000080008443
 0.000908001163
 0.000086149327
 0.005492062885
 0.000032041468
 0.000062361634
 0.000617374551
 0.000072416900
 0.003784424838
 0.002709665451
 0.000271789787
 0.000107159624
 0.000019282503
 0.000365363132
 0.000211213394
 0.000120984639
 0.000138186144
 0.000001779292
 0.000530226892
 0.000743099490
 0.000619067221
 0.000017759211
 0.000193821841
 0.000029801709
 0.000044388408
 0.000236149968
 0.002328325609
 0.000109107913
 0.000074082101
 0.000020369767
 0.000041352283
 0.000733511752
 0.002908072226
 0.000014118046
 0.000174595096
 0.000109726909
 0.000241043288
 0.000003643956
 0.000076087952
 0.001469248456
 0.000005220682
 0.000567776120
 0.000912845921
 0.000022951990
 0.000034031509
 0.000008772930
 0.000133521552
 0.001037733029
 0.000100342413
 0.000054404728
 0.000040037841
 0.000735818287
 0.000026650191
 0.000493197629
 0.000041909985
 0.000040845026
 0.000026442093
 0.000264595590
 0.004861422733
 0.000199424326
 0.000101905901
 0.002206950522
 0.000258232394
 0.000574524790
 0.002127904947
 0.000009152963
 0.000082441022
 0.000023179915
 0.000049208104
 0.000155084810
 0.000250900619
 0.003937620448
 0.001438473920
 0.000234812952
 0.000855065390
 0.003247795778
 0.001568953181
 0.002423293885
 0.000040717247
 0.001589229390
 0.000008943011
 0.000516849554
 0.015007847459
 0.000033580532
 0.000357113828
 0.010125345982
 0.002898212297
 0.000164504342
 0.004063886955
 0.002904024824
 0.003301842943
 0.021595878634
 0.000205418931
 0.000149776606
 0.000007561314
 0.000253955577
 0.000742066865
 0.002297600187
 0.001699804712
 0.000055515660
 0.000171351932
 0.000298318012
 0.000145115633
 0.000209432608
 0.000377472775
 0.000064838072
 0.000072237372
 0.000212316895
 0.000030765551
 0.000230756246
 0.000290658355
 0.001260340335
 0.001618297497
 0.000786077209
 0.001015345109
 0.000611806136
 0.000468080441
 0.003158639515
 0.000169443776
 0.000109768155
 0.000182793535
 0.000689282369
 0.000479935705
 0.000106013077
 0.000160646875
 0.000029625935
 0.000017281261
 0.000171026092
 0.000808489928
 0.002001680827
 0.000753724276
 0.000142331468
 0.001264936872
 0.001814251103
 0.000166255123
 0.002785376235
 0.000336834416
 0.000009090914
 0.000029306946
 0.002417156271
 0.000115719167
 0.001244797114
 0.000873720844
 0.008176421360
 0.001139840467
 0.000565158742
 0.000063108063
 0.000335242080
 0.000058164663
 0.001793886650
 0.000082620760
 0.000359158655
 0.000201998186
 0.000434169197
 0.000144804290
 0.000213112480
 0.000028587941
 0.002607013096
 0.000249703325
 0.000136507926
 0.000025053425
 0.000320777880
 0.000147082246
 0.000180220051
 0.000323359623
 0.002023903908
 0.003656028337
 0.000220785847
 0.000056559281
 0.000042710969
 0.002659877934
 0.000201208529
 0.001274345570
 0.000131350785
 0.000086978954
 0.000084079071
 0.007781769710
 0.005737835572
 0.000058320597
 0.002499146825
 0.000960286778
 0.000054776303
 0.000486703430
 0.000095100378
 0.000095268130
 0.000386812262
 0.000137754058
 0.001072837408
 0.000504061878
 0.000789983506
 0.000396222572
 0.000018574938
 0.000079362972
 0.000563079741
 0.000016261655
 0.001138657688
 0.000191635940
 0.000417574324
 0.000025010625
 0.002195063768
 0.000254332470
 0.000020973256
 0.000028712930
 0.000974366907
 0.000441896626
 0.001384711821
 0.000014320126
 0.001135795533
 0.000416256950
 0.003605299676
 0.000157221349
 0.000018250866
 0.000013142259
 0.000056035778
 0.000193744919
 0.000011814314
 0.000100770419
 0.000040343931
 0.000130059945
 0.000119427008
 0.000004291955
 0.000123054795
 0.000844909878
 0.000567330833
 0.000062964321
 0.000218130973
 0.000019511036
 0.000625449605
 0.000306831736
 0.000139411868
 0.000094140681
 0.000205331485
 0.000366354613
 0.000138693720
 0.000033423279
 0.000145841783
 0.000090085958
 0.000175865407
 0.000162158506
 0.000048338876
 0.000042069599
 0.000147154725
 0.000077797095
 0.000037023091
 0.001813095273
 0.000117731248
 0.000387369631
 0.000016991219
 0.000275482348
 0.000162191483
 0.000275177054
 0.000591304637
 0.000073700770
 0.000024706361
 0.000007853594
 0.000043458430
 0.000019049541
 0.000696329681
 0.000108856012
 0.000121407052
 0.000200015119
 0.000009213435
 0.000021250647
 0.000101587436
 0.000375086182
 0.000709150864
 0.001277280610
 0.000161707467
 0.000087692826
 0.000313649309
 0.000027367634
 0.000767833548
 0.000020065931
 0.000204132855
 0.000018670758
 0.000383578249
 0.000113968265
 0.000029783145
 0.000032961021
 0.000029555775
 0.000045244890
 0.000052869831
 0.000148936926
 0.001217320014
 0.000083154535
 0.000040456829
 0.000154573619
 0.000066245476
 0.000127816071
 0.000162243596
 0.002937905897
 0.004722456810
 0.001763871377
 0.000778139386
 0.000035057016
 0.000602294189
 0.000055838975
 0.000153983765
 0.000114265639
 0.000035589857
 0.000161402810
 0.000137200047
 0.000909126614
 0.000198378781
 0.000378411486
 0.000362151705
 0.000572736365
 0.004698048291
 0.000852673882
 0.000061351071
 0.008141196744
 0.000443023835
 0.000118083008
 0.003162987061
 0.000048768651
 0.000009725798
 0.000015946918
 0.000055014630
 0.000193081857
 0.000036801942
 0.000132637758
 0.000616703759
 0.000077078637
 0.000046585765
 0.000332060580
 0.000220915072
 0.001109862098
 0.000755384634
 0.000483280031
 0.001267348888
 0.000055028473
 0.000299947004
 0.000007498871
 0.001531471652
 0.000010118114
 0.000269858129
 0.000522485798
 0.000702189131
 0.000001772623
 0.000412505194
 0.000068044481
 0.000240914127
 0.000074965447
 0.000228725363
 0.000626080557
 0.000198696375
 0.000045737646
 0.000497013075
 0.000518948641
 0.000114359208
 0.000126578515
 0.000144552396
 0.000013307288
 0.000123367659
 0.003007508758
 0.000228821804
 0.000223415922
 0.000158697462
 0.000286696440
 0.000759201093
 0.000483009517
 0.000438432092
 0.000674722746
 0.000597305388
 0.002741248039
 0.001325323830
 0.001832205953
 0.002994372825
 0.000589358269
 0.000346085645
 0.000198867746
 0.000061022263
 0.000060166706
 0.000240329307
 0.000315614102
 0.000262592788
 0.000109254610
 0.000185305436
 0.000143922520
 0.000081478831
 0.000136895072
 0.000223550729
 0.000269401323
 0.003395215509
 0.000163641876
 0.000020161194
 0.000039734167
 0.000060538666
 0.000082995865
 0.000043800238
 0.000171669295
 0.000381801335
 0.000015933059
 0.000069838551
 0.000026281138
 0.002099860093
 0.000138212039
 0.000261419444
 0.000821553151
 0.000157764727
 0.014643864250
 0.000022332577
 0.000032236430
 0.002505864939
 0.000018787058
 0.000116494442
 0.000425925675
 0.000029923087
 0.004167013762
 0.000007944290
 0.001725994921
 0.008168855079
 0.000033804818
 0.000298545555
 0.004574764038
 0.002924364263
 0.000127273347
 0.000148420906
 0.000035837026
 0.002796153359
 0.000033154034
 0.000082785147
 0.000032071709
 0.000075542601
 0.000182232564
 0.000135468818
 0.000312102341
 0.000255134731
 0.000154497443
 0.000192428821
 0.000017180670
 0.000370420414
 0.000970088118
 0.000979525133
 0.001393557031
 0.001102378478
 0.000252087098
 0.000631589942
 0.001909532636
 0.000129288664
 0.000248953913
 0.001252151942
 0.000069562822
 0.000108575433
 0.000251913000
 0.000662240970
 0.000442521542
 0.000046503864
 0.000116698522
 0.000323309812
 0.000443799935
 0.000403170573
 0.000520993744
 0.000237254117
 0.000184458691
 0.000250015833
 0.010021867543
 0.000099899228
 0.000509528061
 0.000329228362
 0.000138278262
 0.000042659614
 0.000029747774
 0.000032128560
 0.000018319556
 0.002072700647
 0.000082902705
 0.000096719996
 0.000378858714
 0.004100573959
 0.001470071189
 0.027655315645
 0.000082493549
 0.000179290537
 0.000691346345
 0.000027687504
 0.001399981410
 0.002152915619
 0.000580277556
 0.000491164997
 0.000018048146
 0.000046613990
 0.000176905248
 0.001317394040
 0.000989464768
 0.000225773638
 0.000454644087
 0.000411041854
 0.000016746489
 0.000162284812
 0.000116047901
 0.000745152305
 0.000034456793
 0.000205215241
 0.000267802586
 0.000026934659
 0.000160170698
 0.000045510927
 0.000827866158
 0.043893374213
 0.000020236712
 0.000143606656
 0.000196688992
 0.000013075180
 0.000580309462
 0.000559064739
