2.350716e-05
5.952074e-05
2.448637e-04
1.917444e-04
5.225110e-04
2.901585e-04
1.853873e-04
4.373112e-04
1.797862e-04
9.385225e-03
4.649331e-03
2.327563e-05
9.217620e-05
2.470091e-04
2.708966e-04
2.761031e-05
7.056884e-04
3.132345e-04
2.086663e-03
3.404020e-04
3.474110e-03
1.500219e-03
5.404186e-05
1.574971e-04
1.195212e-04
4.224702e-02
9.710208e-05
3.275119e-05
6.678555e-04
6.408284e-05
4.276053e-05
5.519539e-03
1.535538e-04
4.041109e-04
6.887200e-05
5.503625e-04
2.179704e-04
9.586440e-04
1.046539e-03
5.186328e-04
3.619499e-05
5.488988e-04
9.958474e-05
3.395978e-04
5.796918e-04
2.646418e-03
5.406257e-05
2.501020e-04
5.661663e-04
7.162874e-05
9.412117e-05
9.831905e-05
1.725316e-05
4.600999e-04
7.726494e-05
2.419036e-04
4.873032e-04
2.001566e-03
3.132456e-04
1.635559e-04
1.340107e-04
2.552903e-04
2.289574e-04
2.517146e-04
3.198980e-04
2.051263e-04
1.214891e-04
3.934475e-04
7.314455e-04
4.529454e-04
3.842482e-04
1.372557e-05
8.144881e-05
2.560100e-04
2.122688e-03
1.092347e-04
9.085741e-06
3.597384e-04
1.431029e-02
6.681155e-04
1.811199e-03
3.141907e-04
7.028200e-05
6.277688e-03
7.752000e-04
1.173156e-02
8.951402e-04
1.366900e-03
1.863605e-04
2.700997e-05
4.965111e-03
7.527563e-03
4.109516e-04
6.751172e-03
1.804301e-04
1.387593e-04
2.616325e-05
1.412512e-04
7.189095e-05
3.043585e-04
9.115355e-05
1.155471e-04
1.971614e-04
2.008109e-05
2.004420e-03
6.452422e-05
8.468560e-05
2.232586e-04
5.442269e-05
1.754381e-04
3.552342e-05
2.019266e-04
1.227723e-04
6.916940e-04
9.248912e-05
2.071391e-05
5.867230e-05
4.895393e-05
6.592736e-05
3.246951e-05
4.363904e-04
1.299400e-03
8.546175e-04
1.719028e-03
1.183587e-04
5.781555e-04
8.607721e-05
6.080006e-04
2.677273e-04
8.183778e-05
2.508197e-04
2.683033e-04
3.720488e-02
3.109555e-04
1.057464e-04
1.583737e-02
1.129306e-03
1.887545e-04
2.788665e-04
6.231281e-04
2.198081e-04
1.627578e-03
1.705611e-04
6.411745e-05
8.239952e-03
1.108121e-04
6.127129e-04
7.131419e-03
4.263782e-04
2.200219e-03
9.031946e-05
3.633979e-04
3.333109e-03
2.783052e-04
2.215349e-04
1.783404e-04
2.295248e-04
1.115882e-04
1.807550e-04
1.684521e-04
9.501323e-04
1.172195e-03
3.652263e-05
1.331620e-05
2.696834e-03
6.365703e-03
2.376474e-04
1.183782e-04
2.477767e-05
3.068741e-03
2.161515e-04
2.388403e-04
6.394533e-05
5.178059e-05
2.272621e-05
6.925328e-04
1.794813e-04
6.691651e-05
1.738645e-05
8.823209e-05
1.055623e-04
8.364926e-05
2.418487e-04
1.125357e-02
4.632704e-05
7.874954e-05
2.141513e-04
9.897894e-05
8.669487e-05
4.353902e-05
4.952205e-06
7.967636e-03
1.189083e-03
9.796208e-06
1.271354e-03
6.641986e-05
9.216320e-05
3.618926e-05
1.077687e-03
9.014847e-05
7.290097e-04
6.823273e-05
1.770630e-04
1.297839e-04
8.878969e-05
4.219627e-04
1.118227e-05
2.611480e-04
3.420758e-03
1.655488e-04
1.007657e-04
6.262807e-04
2.073189e-05
3.471967e-05
8.702640e-05
8.850865e-04
3.738503e-05
2.824481e-05
2.489617e-03
2.505220e-05
1.004839e-04
9.958119e-05
1.426459e-04
2.044820e-04
1.728617e-04
5.121638e-03
2.618818e-04
5.457478e-04
5.056283e-04
1.582079e-04
2.723361e-03
6.784590e-05
1.214834e-03
1.511431e-04
7.824132e-04
2.671372e-04
4.062467e-04
1.872307e-04
1.444288e-04
1.256290e-05
1.368169e-05
1.181466e-04
1.810015e-03
1.579566e-04
5.668457e-04
1.737226e-04
3.905463e-05
3.410729e-05
3.041400e-04
1.580825e-04
2.338641e-05
3.028107e-04
7.202366e-03
4.546538e-05
2.282916e-04
1.888406e-05
1.284709e-05
5.233631e-05
9.393102e-05
1.057101e-04
1.422603e-04
3.401667e-04
3.125429e-04
1.420895e-04
5.226308e-05
1.756396e-04
4.335521e-04
9.586147e-05
4.617907e-04
2.182963e-05
2.321839e-04
1.136261e-05
4.448086e-05
9.197709e-04
2.349234e-05
5.386965e-04
1.935993e-04
6.450378e-05
2.031174e-02
8.519489e-05
7.271841e-05
6.359845e-04
1.368343e-03
3.948910e-04
3.046107e-04
3.432542e-04
6.689354e-05
7.683441e-03
3.617433e-04
1.910742e-04
4.454441e-04
6.186453e-05
9.002831e-05
3.369550e-03
1.572114e-03
2.208112e-04
4.964357e-04
1.593841e-03
2.749471e-04
7.422794e-05
9.775009e-04
2.917280e-04
1.679313e-04
6.411637e-04
1.292493e-03
1.251345e-04
3.284014e-04
3.907343e-05
1.892481e-04
1.821437e-03
6.495313e-04
4.071781e-05
4.046547e-04
5.258943e-04
1.425047e-05
3.402348e-05
3.088287e-04
1.750948e-04
1.337840e-04
1.516324e-02
3.474566e-05
3.182412e-04
1.134075e-05
9.819219e-05
3.749559e-04
1.761430e-05
1.474239e-04
6.183719e-04
9.493107e-06
1.792711e-05
4.947528e-04
2.403939e-04
2.426134e-04
7.701942e-04
2.221379e-03
2.553089e-04
1.329981e-05
2.057179e-03
1.240212e-04
4.911650e-04
3.711236e-04
2.890608e-04
3.699642e-04
8.819550e-04
1.925329e-03
2.888106e-03
2.902487e-05
3.037413e-04
2.708280e-04
6.875052e-05
4.600792e-04
8.855067e-04
4.238673e-04
7.505016e-05
1.066362e-04
5.592329e-04
8.388787e-05
1.229329e-04
2.590073e-04
4.717887e-05
5.983807e-05
3.942267e-04
1.418858e-03
8.428357e-04
3.273494e-05
3.081795e-04
1.131649e-03
6.715695e-04
1.568557e-03
2.260591e-04
5.604820e-04
2.803505e-05
7.601270e-05
3.493301e-05
4.041402e-05
5.194367e-04
2.161953e-04
5.745397e-03
4.486858e-04
2.137386e-05
1.759087e-04
2.963784e-04
1.560364e-03
2.543994e-04
1.243171e-04
1.120742e-04
6.809341e-04
1.994183e-04
2.118768e-04
2.457053e-05
6.669125e-05
5.184318e-03
5.139484e-04
4.479829e-06
8.465591e-05
1.156634e-04
1.321813e-04
2.266862e-04
8.733302e-04
1.852285e-04
1.782526e-04
6.392715e-05
3.104424e-04
4.637178e-04
7.022927e-04
6.977063e-04
3.799758e-04
1.012110e-04
5.816346e-04
7.793912e-05
1.938495e-04
1.723028e-04
1.937391e-04
7.421453e-04
1.110970e-04
6.383358e-05
1.871893e-03
5.561405e-04
4.365979e-04
3.319845e-05
2.277144e-03
1.473404e-03
6.773372e-04
1.171641e-03
7.080145e-04
7.541963e-05
1.059635e-03
1.595156e-03
1.429490e-04
4.938657e-04
8.288052e-04
2.962301e-04
2.286898e-04
7.086328e-05
1.146534e-04
6.274630e-04
2.148703e-05
3.614747e-04
4.614629e-04
1.499210e-04
1.731224e-04
2.058543e-03
1.639485e-04
7.425008e-04
1.047422e-04
1.645022e-04
1.451682e-04
1.062164e-03
3.056631e-03
7.754712e-03
1.957345e-04
1.242043e-04
5.786169e-05
8.661236e-04
1.723801e-03
1.117715e-04
2.197587e-03
4.268850e-04
8.942233e-05
1.714915e-03
2.002145e-04
3.914098e-05
5.734159e-04
6.075474e-05
1.856485e-03
2.533996e-04
5.654837e-05
1.809675e-04
6.119831e-05
1.981792e-04
8.052164e-04
3.366237e-04
9.338629e-04
1.034301e-03
3.525600e-04
8.423683e-05
3.041411e-04
1.273398e-03
1.565804e-04
4.605282e-05
1.694848e-02
1.550068e-05
4.707637e-05
2.475367e-04
2.264411e-04
7.426808e-03
1.027069e-05
8.136338e-04
3.777244e-04
1.647188e-04
9.687546e-05
1.575010e-03
1.413971e-04
2.369485e-03
1.350491e-04
1.016730e-05
5.467273e-04
9.138666e-04
7.960000e-03
1.345314e-05
3.169654e-04
4.249299e-05
3.950683e-04
1.210201e-05
3.688752e-04
1.908588e-04
2.559237e-04
1.964179e-02
1.188137e-04
2.770280e-05
6.224773e-04
4.658815e-04
1.419337e-04
3.246138e-04
5.216111e-04
1.112896e-04
9.746734e-04
4.982650e-04
1.016252e-02
2.607827e-04
3.991572e-04
6.677574e-04
1.631333e-05
1.275215e-04
9.391226e-04
1.494668e-03
1.567995e-04
2.634838e-05
1.629261e-04
7.661563e-04
7.133272e-05
5.578309e-03
2.126603e-04
6.359292e-04
1.282564e-04
1.107623e-04
7.350001e-05
1.034206e-05
1.838587e-04
4.838129e-03
7.316113e-05
8.951939e-04
1.218566e-04
1.923794e-03
2.377719e-04
6.070639e-05
2.539630e-04
1.079174e-03
4.373345e-05
1.766722e-03
9.253762e-03
1.181099e-04
8.970776e-04
1.273246e-03
3.203677e-04
2.304035e-04
2.610046e-04
3.972948e-04
3.151555e-04
1.307163e-03
2.073503e-04
5.680708e-04
3.100950e-05
7.220872e-05
1.106643e-04
1.448524e-04
2.818532e-04
9.285016e-04
6.675020e-04
8.650568e-04
1.750938e-04
1.028217e-03
2.007024e-04
5.339686e-04
6.442874e-04
6.434228e-04
7.548456e-05
7.461367e-04
1.847480e-04
8.098715e-04
4.040514e-04
7.476641e-04
2.369331e-04
4.680817e-03
2.003340e-04
2.038086e-04
1.588944e-04
2.306535e-03
1.029554e-03
2.274828e-03
5.249941e-04
4.416038e-03
3.956907e-04
3.990777e-04
5.301009e-04
9.335194e-04
5.750497e-04
5.488840e-04
1.454456e-03
2.318687e-03
1.750917e-03
2.082530e-04
6.901008e-05
3.390001e-04
2.104090e-04
1.525430e-03
2.947185e-04
2.416284e-04
2.201234e-04
3.910598e-05
8.630150e-05
3.187367e-03
3.148935e-05
7.523374e-05
1.930775e-03
4.105029e-04
1.297514e-04
2.061159e-04
1.626817e-04
1.184481e-04
2.584586e-04
1.878429e-03
2.034191e-03
1.826824e-03
5.697038e-04
5.936561e-04
3.422394e-04
6.104617e-04
1.926757e-03
7.543618e-04
1.730996e-04
3.363807e-03
3.163283e-04
8.446969e-03
1.169168e-03
2.502236e-03
4.766851e-04
1.157840e-02
5.638809e-03
8.367920e-04
1.008293e-05
4.051206e-05
3.286782e-04
2.117848e-04
8.393458e-04
2.244545e-05
1.003984e-03
2.685164e-04
5.292009e-04
4.380426e-05
5.600524e-05
8.215798e-05
2.848581e-03
7.471970e-05
3.097038e-03
1.646725e-04
7.634685e-05
1.952271e-04
3.160974e-04
1.881637e-04
2.127996e-04
3.168307e-04
1.517147e-04
1.479109e-04
4.808018e-04
9.438002e-04
4.314318e-03
1.778139e-04
1.231522e-04
8.908543e-05
5.712881e-03
9.756659e-05
2.674892e-04
3.939349e-05
9.483131e-03
3.709335e-04
7.095777e-04
5.273713e-04
3.155943e-04
3.915052e-03
3.000665e-05
1.745107e-04
2.572429e-04
7.986953e-05
3.985031e-04
5.433796e-04
2.346874e-04
9.304096e-05
7.305018e-04
3.313699e-04
9.286332e-03
2.369453e-04
7.137267e-04
8.300479e-05
3.884802e-05
3.403040e-03
3.552616e-04
4.886519e-04
4.568054e-04
2.178458e-03
1.507984e-04
1.462650e-04
5.607326e-05
7.138867e-05
5.591319e-04
5.225922e-04
6.814170e-05
8.529267e-04
2.038943e-03
1.429138e-04
9.059187e-04
2.254836e-05
3.260385e-04
5.605494e-04
7.066605e-05
9.121571e-06
2.680713e-04
2.823982e-05
7.880782e-05
2.669171e-05
1.255210e-04
8.934487e-05
1.568089e-05
9.342984e-05
1.068157e-04
3.314808e-05
2.096997e-04
1.073113e-04
4.374671e-05
5.661667e-05
1.164931e-03
3.099934e-05
9.556698e-04
4.560573e-05
7.551702e-05
1.943989e-04
2.670320e-04
3.736648e-04
1.033211e-05
2.097856e-04
1.850972e-04
9.138901e-05
1.514047e-03
5.183406e-04
3.951700e-05
2.987583e-04
2.469127e-05
6.331766e-03
4.693402e-03
1.950973e-05
5.846134e-06
6.097744e-05
1.131670e-05
5.967331e-05
1.826768e-05
7.266491e-05
2.312130e-05
1.354379e-04
2.327982e-05
5.349000e-05
8.802857e-05
5.343644e-05
5.567431e-04
7.930915e-05
4.623444e-03
9.391321e-04
1.880471e-05
2.981784e-05
1.043668e-04
1.493906e-04
2.905147e-05
2.634954e-04
2.411051e-04
8.102302e-04
2.324101e-04
7.878492e-05
1.684276e-04
1.108133e-04
8.920004e-05
1.339089e-02
1.263659e-04
7.520525e-06
3.243530e-04
2.617598e-05
2.760330e-04
1.941562e-04
1.027245e-04
1.052871e-03
1.564470e-03
2.085624e-04
3.423522e-04
1.187116e-04
6.498601e-04
3.959240e-04
2.305402e-04
8.473314e-04
4.328806e-06
3.481212e-04
2.446246e-05
2.912010e-04
2.272994e-04
8.089108e-05
3.672129e-05
1.694654e-02
1.568509e-04
7.080297e-04
2.091703e-04
2.838924e-05
7.987929e-04
1.224158e-03
1.429956e-04
2.768475e-03
5.784186e-05
4.058164e-04
3.040712e-04
2.504447e-04
9.068414e-05
5.765300e-04
2.198053e-04
4.276391e-03
7.091408e-05
4.856938e-04
8.995420e-05
4.756399e-05
2.274225e-03
1.176522e-04
1.356575e-03
1.077632e-04
2.395064e-04
1.088915e-04
4.117381e-04
1.001224e-03
8.821269e-05
7.504190e-05
2.753850e-04
1.173930e-04
5.258200e-04
1.112556e-04
3.111300e-03
5.328818e-05
4.023485e-05
2.687396e-04
2.136454e-04
4.717930e-05
1.403175e-04
6.797287e-05
5.799277e-04
1.147351e-04
6.535163e-04
2.278948e-02
3.945862e-04
4.989679e-05
2.578538e-04
8.232657e-05
9.022934e-05
8.951165e-05
5.391323e-05
5.163576e-05
1.730102e-03
4.553523e-04
5.604939e-05
1.357117e-04
2.184638e-03
5.503691e-03
6.833918e-04
8.257299e-04
1.147913e-04
6.258878e-04
1.418328e-04
2.038008e-04
4.230112e-04
2.714616e-04
3.026143e-04
1.558269e-04
6.296518e-04
2.001565e-03
3.762020e-04
3.105498e-04
1.094605e-03
1.078283e-04
2.261244e-04
2.762550e-04
2.762517e-03
9.572778e-05
1.401673e-04
5.264511e-03
6.413530e-05
3.679206e-05
2.003949e-03
1.431152e-04
2.881803e-04
8.573692e-05
1.363584e-04
1.437366e-03
9.109806e-05
1.281666e-02
1.539245e-03
2.644984e-03
7.686292e-04
5.937578e-04
3.830928e-04
1.412925e-02
3.020299e-04
8.445572e-04
2.120309e-04
1.135013e-05
1.367972e-04
2.049304e-05
6.828395e-05
2.332764e-04
7.265966e-04
6.222076e-05
1.241196e-04
2.090672e-04
2.079858e-03
1.351056e-03
1.128767e-03
1.258026e-04
3.011704e-03
3.975452e-05
3.885696e-04
1.323616e-03
2.713373e-03
4.925991e-04
4.617771e-05
3.167390e-05
1.096500e-04
1.976112e-02
1.415553e-04
9.877896e-05
1.952643e-05
1.693703e-04
1.570530e-04
1.479965e-04
1.416536e-04
1.360681e-03
8.731592e-04
1.018635e-03
6.126768e-03
7.057408e-06
1.136279e-04
1.468681e-04
2.794236e-04
1.088616e-03
8.411708e-05
3.478401e-05
1.590466e-04
2.889754e-04
9.558097e-06
8.733279e-04
6.492889e-04
9.187866e-03
6.980364e-04
5.892996e-04
1.014629e-04
3.135125e-05
1.308467e-04
7.719396e-05
7.549868e-05
2.238623e-03
3.378634e-05
4.985841e-05
1.433076e-04
4.488175e-04
2.197784e-04
9.705729e-05
7.818648e-05
1.410974e-04
3.009375e-05
6.441857e-05
8.115291e-06
7.845992e-05
5.117817e-05
1.585320e-04
2.079470e-05
1.054100e-04
5.325348e-05
1.634132e-04
2.443947e-05
1.112371e-04
1.159995e-04
3.052973e-03
9.625367e-05
7.145154e-05
1.690155e-04
1.951331e-04
3.210603e-04
3.846615e-05
