 0.000023507162
 0.000059520743
 0.000244863651
 0.000191744356
 0.000522511016
 0.000290158545
 0.000185387327
 0.000437311174
 0.000179786166
 0.009385224915
 0.004649330864
 0.000023275632
 0.000092176205
 0.000247009059
 0.000270896639
 0.000027610314
 0.000705688369
 0.000313234451
 0.002086662781
 0.000340401951
 0.003474109529
 0.001500218860
 0.000054041864
 0.000157497123
 0.000119521238
 0.042247019153
 0.000097102079
 0.000032751192
 0.000667855469
 0.000064082845
 0.000042760530
 0.005519538823
 0.000153553845
 0.000404110879
 0.000068872000
 0.000550362484
 0.000217970370
 0.000958643996
 0.001046538531
 0.000518632799
 0.000036194990
 0.000548898755
 0.000099584737
 0.000339597820
 0.000579691830
 0.002646418432
 0.000054062570
 0.000250102030
 0.000566166302
 0.000071628741
 0.000094121173
 0.000098319050
 0.000017253162
 0.000460099851
 0.000077264935
 0.000241903630
 0.000487303232
 0.002001566177
 0.000313245550
 0.000163555931
 0.000134010693
 0.000255290267
 0.000228957427
 0.000251714574
 0.000319897991
 0.000205126267
 0.000121489130
 0.000393447497
 0.000731445540
 0.000452945442
 0.000384248175
 0.000013725567
 0.000081448814
 0.000256009982
 0.002122688149
 0.000109234744
 0.000009085741
 0.000359738417
 0.014310293093
 0.000668115457
 0.001811198751
 0.000314190674
 0.000070281998
 0.006277687998
 0.000775199979
 0.011731556365
 0.000895140204
 0.001366899992
 0.000186360546
 0.000027009968
 0.004965111018
 0.007527562835
 0.000410951585
 0.006751171841
 0.000180430091
 0.000138759291
 0.000026163247
 0.000141251194
 0.000071890947
 0.000304358534
 0.000091153550
 0.000115547142
 0.000197161425
 0.000020081089
 0.002004420294
 0.000064524222
 0.000084685597
 0.000223258582
 0.000054422689
 0.000175438113
 0.000035523420
 0.000201926586
 0.000122772324
 0.000691693987
 0.000092489119
 0.000020713911
 0.000058672296
 0.000048953930
 0.000065927356
 0.000032469513
 0.000436390361
 0.001299400204
 0.000854617499
 0.001719028450
 0.000118358666
 0.000578155530
 0.000086077207
 0.000608000650
 0.000267727290
 0.000081837782
 0.000250819731
 0.000268303282
 0.037204876852
 0.000310955532
 0.000105746386
 0.015837374395
 0.001129306457
 0.000188754500
 0.000278866540
 0.000623128055
 0.000219808107
 0.001627577743
 0.000170561107
 0.000064117453
 0.008239952464
 0.000110812098
 0.000612712865
 0.007131419008
 0.000426378158
 0.002200218891
 0.000090319462
 0.000363397927
 0.003333109296
 0.000278305164
 0.000221534859
 0.000178340403
 0.000229524799
 0.000111588191
 0.000180755043
 0.000168452128
 0.000950132253
 0.001172195494
 0.000036522626
 0.000013316204
 0.002696834210
 0.006365703407
 0.000237647398
 0.000118378170
 0.000024777674
 0.003068741417
 0.000216151509
 0.000238840274
 0.000063945332
 0.000051780587
 0.000022726209
 0.000692532843
 0.000179481336
 0.000066916507
 0.000017386451
 0.000088232094
 0.000105562325
 0.000083649259
 0.000241848719
 0.011253573040
 0.000046327038
 0.000078749538
 0.000214151263
 0.000098978936
 0.000086694872
 0.000043539024
 0.000004952205
 0.007967635971
 0.001189083152
 0.000009796208
 0.001271354423
 0.000066419860
 0.000092163204
 0.000036189257
 0.001077686938
 0.000090148467
 0.000729009722
 0.000068232726
 0.000177063040
 0.000129783851
 0.000088789690
 0.000421962659
 0.000011182273
 0.000261148010
 0.003420758457
 0.000165548754
 0.000100765661
 0.000626280740
 0.000020731894
 0.000034719666
 0.000087026400
 0.000885086511
 0.000037385028
 0.000028244815
 0.002489617354
 0.000025052197
 0.000100483850
 0.000099581195
 0.000142645864
 0.000204481960
 0.000172861750
 0.005121638478
 0.000261881791
 0.000545747833
 0.000505628282
 0.000158207943
 0.002723361338
 0.000067845898
 0.001214834441
 0.000151143112
 0.000782413176
 0.000267137189
 0.000406246720
 0.000187230729
 0.000144428828
 0.000012562895
 0.000013681689
 0.000118146594
 0.001810015157
 0.000157956575
 0.000566845741
 0.000173722588
 0.000039054630
 0.000034107287
 0.000304140050
 0.000158082474
 0.000023386407
 0.000302810665
 0.007202365575
 0.000045465379
 0.000228291595
 0.000018884064
 0.000012847093
 0.000052336313
 0.000093931020
 0.000105710146
 0.000142260285
 0.000340166707
 0.000312542856
 0.000142089513
 0.000052263078
 0.000175639624
 0.000433552119
 0.000095861466
 0.000461790711
 0.000021829633
 0.000232183871
 0.000011362606
 0.000044480855
 0.000919770852
 0.000023492336
 0.000538696485
 0.000193599284
 0.000064503782
 0.020311740812
 0.000085194895
 0.000072718411
 0.000635984531
 0.001368342689
 0.000394891004
 0.000304610710
 0.000343254227
 0.000066893537
 0.007683441125
 0.000361743266
 0.000191074199
 0.000445444075
 0.000061864526
 0.000090028307
 0.003369550333
 0.001572114391
 0.000220811201
 0.000496435697
 0.001593840608
 0.000274947149
 0.000074227945
 0.000977500926
 0.000291727976
 0.000167931307
 0.000641163652
 0.001292493466
 0.000125134486
 0.000328401386
 0.000039073434
 0.000189248059
 0.001821436783
 0.000649531251
 0.000040717814
 0.000404654743
 0.000525894349
 0.000014250467
 0.000034023482
 0.000308828655
 0.000175094752
 0.000133783989
 0.015163238227
 0.000034745657
 0.000318241171
 0.000011340749
 0.000098192192
 0.000374955888
 0.000017614301
 0.000147423923
 0.000618371893
 0.000009493107
 0.000017927107
 0.000494752771
 0.000240393889
 0.000242613427
 0.000770194196
 0.002221379181
 0.000255308942
 0.000013299812
 0.002057179436
 0.000124021234
 0.000491164975
 0.000371123630
 0.000289060777
 0.000369964177
 0.000881955021
 0.001925328839
 0.002888105699
 0.000029024865
 0.000303741320
 0.000270828015
 0.000068750520
 0.000460079151
 0.000885506711
 0.000423867263
 0.000075050163
 0.000106636163
 0.000559232890
 0.000083887870
 0.000122932938
 0.000259007304
 0.000047178866
 0.000059838072
 0.000394226745
 0.001418857649
 0.000842835708
 0.000032734943
 0.000308179467
 0.001131648993
 0.000671569506
 0.001568556576
 0.000226059146
 0.000560482029
 0.000028035049
 0.000076012697
 0.000034933006
 0.000040414022
 0.000519436698
 0.000216195287
 0.005745396770
 0.000448685841
 0.000021373857
 0.000175908736
 0.000296378442
 0.001560363724
 0.000254399409
 0.000124317092
 0.000112074249
 0.000680934077
 0.000199418293
 0.000211876821
 0.000024570529
 0.000066691247
 0.005184317706
 0.000513948353
 0.000004479829
 0.000084655912
 0.000115663363
 0.000132181264
 0.000226686156
 0.000873330199
 0.000185228528
 0.000178252642
 0.000063927146
 0.000310442385
 0.000463717778
 0.000702292682
 0.000697706308
 0.000379975761
 0.000101211040
 0.000581634595
 0.000077939120
 0.000193849535
 0.000172302769
 0.000193739137
 0.000742145349
 0.000111096999
 0.000063833584
 0.001871893191
 0.000556140474
 0.000436597885
 0.000033198447
 0.002277143725
 0.001473403561
 0.000677337177
 0.001171640902
 0.000708014505
 0.000075419627
 0.001059635181
 0.001595155577
 0.000142949017
 0.000493865673
 0.000828805185
 0.000296230097
 0.000228689772
 0.000070863276
 0.000114653421
 0.000627462977
 0.000021487031
 0.000361474690
 0.000461462907
 0.000149921020
 0.000173122373
 0.002058542526
 0.000163948498
 0.000742500800
 0.000104742163
 0.000164502223
 0.000145168157
 0.001062163662
 0.003056630895
 0.007754712310
 0.000195734534
 0.000124204271
 0.000057861686
 0.000866123617
 0.001723801041
 0.000111771474
 0.002197587432
 0.000426884988
 0.000089422334
 0.001714914711
 0.000200214549
 0.000039140982
 0.000573415855
 0.000060754737
 0.001856485498
 0.000253399615
 0.000056548366
 0.000180967489
 0.000061198309
 0.000198179176
 0.000805216425
 0.000336623709
 0.000933862861
 0.001034300988
 0.000352559953
 0.000084236831
 0.000304141116
 0.001273397524
 0.000156580397
 0.000046052821
 0.016948478271
 0.000015500684
 0.000047076372
 0.000247536652
 0.000226441090
 0.007426808329
 0.000010270688
 0.000813633763
 0.000377724395
 0.000164718812
 0.000096875462
 0.001575010200
 0.000141397112
 0.002369484888
 0.000135049113
 0.000010167302
 0.000546727263
 0.000913866612
 0.007959999511
 0.000013453137
 0.000316965434
 0.000042492994
 0.000395068323
 0.000012102013
 0.000368875184
 0.000190858778
 0.000255923727
 0.019641791318
 0.000118813653
 0.000027702800
 0.000622477300
 0.000465881521
 0.000141933746
 0.000324613755
 0.000521611058
 0.000111289629
 0.000974673371
 0.000498265020
 0.010162523212
 0.000260782688
 0.000399157181
 0.000667757390
 0.000016313328
 0.000127521473
 0.000939122622
 0.001494668037
 0.000156799463
 0.000026348378
 0.000162926110
 0.000766156295
 0.000071332725
 0.005578308957
 0.000212660297
 0.000635929182
 0.000128256433
 0.000110762343
 0.000073500006
 0.000010342063
 0.000183858670
 0.004838129102
 0.000073161128
 0.000895193877
 0.000121856555
 0.001923794080
 0.000237771880
 0.000060706390
 0.000253963005
 0.001079174224
 0.000043733448
 0.001766721734
 0.009253762260
 0.000118109884
 0.000897077602
 0.001273245834
 0.000320367678
 0.000230403549
 0.000261004581
 0.000397294754
 0.000315155524
 0.001307163171
 0.000207350258
 0.000568070777
 0.000031009498
 0.000072208719
 0.000110664312
 0.000144852366
 0.000281853182
 0.000928501590
 0.000667501990
 0.000865056821
 0.000175093823
 0.001028216505
 0.000200702404
 0.000533968611
 0.000644287406
 0.000643422788
 0.000075484558
 0.000746136712
 0.000184748025
 0.000809871457
 0.000404051357
 0.000747664064
 0.000236933136
 0.004680817097
 0.000200334046
 0.000203808553
 0.000158894429
 0.002306535452
 0.001029553924
 0.002274828208
 0.000524994057
 0.004416038035
 0.000395690703
 0.000399077660
 0.000530100923
 0.000933519400
 0.000575049692
 0.000548884043
 0.001454456128
 0.002318687458
 0.001750916850
 0.000208253042
 0.000069010083
 0.000339000139
 0.000210408975
 0.001525430234
 0.000294718504
 0.000241628404
 0.000220123395
 0.000039105981
 0.000086301499
 0.003187367367
 0.000031489354
 0.000075233742
 0.001930774630
 0.000410502900
 0.000129751354
 0.000206115869
 0.000162681678
 0.000118448050
 0.000258458628
 0.001878429377
 0.002034191135
 0.001826824208
 0.000569703825
 0.000593656068
 0.000342239418
 0.000610461694
 0.001926757080
 0.000754361788
 0.000173099559
 0.003363807037
 0.000316328342
 0.008446968816
 0.001169167973
 0.002502236390
 0.000476685068
 0.011578396613
 0.005638808753
 0.000836791967
 0.000010082931
 0.000040512063
 0.000328678162
 0.000211784763
 0.000839345817
 0.000022445445
 0.001003984058
 0.000268516386
 0.000529200912
 0.000043804261
 0.000056005235
 0.000082157982
 0.002848580697
 0.000074719696
 0.003097037931
 0.000164672512
 0.000076346847
 0.000195227099
 0.000316097446
 0.000188163678
 0.000212799627
 0.000316830714
 0.000151714749
 0.000147910868
 0.000480801796
 0.000943800226
 0.004314317617
 0.000177813905
 0.000123152163
 0.000089085432
 0.005712880821
 0.000097566587
 0.000267489161
 0.000039393495
 0.009483130910
 0.000370933481
 0.000709577705
 0.000527371310
 0.000315594336
 0.003915051583
 0.000030006655
 0.000174510668
 0.000257242931
 0.000079869531
 0.000398503066
 0.000543379569
 0.000234687405
 0.000093040956
 0.000730501768
 0.000331369908
 0.009286332470
 0.000236945295
 0.000713726674
 0.000083004789
 0.000038848017
 0.003403040438
 0.000355261588
 0.000488651930
 0.000456805378
 0.002178457761
 0.000150798413
 0.000146265042
 0.000056073260
 0.000071388668
 0.000559131932
 0.000522592244
 0.000068141699
 0.000852926719
 0.002038943407
 0.000142913815
 0.000905918738
 0.000022548364
 0.000326038500
 0.000560549431
 0.000070666052
 0.000009121571
 0.000268071301
 0.000028239822
 0.000078807821
 0.000026691714
 0.000125520978
 0.000089344873
 0.000015680893
 0.000093429836
 0.000106815666
 0.000033148084
 0.000209699706
 0.000107311262
 0.000043746708
 0.000056616665
 0.001164931168
 0.000030999342
 0.000955669830
 0.000045605728
 0.000075517015
 0.000194398933
 0.000267032029
 0.000373664818
 0.000010332112
 0.000209785625
 0.000185097220
 0.000091389011
 0.001514047431
 0.000518340597
 0.000039517004
 0.000298758253
 0.000024691269
 0.006331765887
 0.004693402468
 0.000019509733
 0.000005846134
 0.000060977444
 0.000011316702
 0.000059673306
 0.000018267680
 0.000072664912
 0.000023121302
 0.000135437949
 0.000023279818
 0.000053490002
 0.000088028570
 0.000053436444
 0.000556743094
 0.000079309150
 0.004623443638
 0.000939132142
 0.000018804707
 0.000029817839
 0.000104366777
 0.000149390578
 0.000029051465
 0.000263495436
 0.000241105127
 0.000810230186
 0.000232410061
 0.000078784920
 0.000168427628
 0.000110813330
 0.000089200039
 0.013390889594
 0.000126365906
 0.000007520525
 0.000324352986
 0.000026175983
 0.000276033038
 0.000194156191
 0.000102724533
 0.001052871357
 0.001564470494
 0.000208562431
 0.000342352217
 0.000118711628
 0.000649860070
 0.000395924019
 0.000230540232
 0.000847331420
 0.000004328806
 0.000348121228
 0.000024462464
 0.000291200994
 0.000227299383
 0.000080891079
 0.000036721288
 0.016946536642
 0.000156850907
 0.000708029728
 0.000209170291
 0.000028389243
 0.000798792886
 0.001224157866
 0.000142995589
 0.002768475380
 0.000057841860
 0.000405816382
 0.000304071192
 0.000250444733
 0.000090684144
 0.000576529984
 0.000219805338
 0.004276390880
 0.000070914085
 0.000485693798
 0.000089954204
 0.000047563988
 0.002274225038
 0.000117652233
 0.001356575055
 0.000107763225
 0.000239506377
 0.000108891514
 0.000411738149
 0.001001223624
 0.000088212693
 0.000075041898
 0.000275385039
 0.000117392985
 0.000525820039
 0.000111255649
 0.003111300401
 0.000053288175
 0.000040234853
 0.000268739592
 0.000213645373
 0.000047179300
 0.000140317495
 0.000067972869
 0.000579927707
 0.000114735082
 0.000653516314
 0.022789480472
 0.000394586192
 0.000049896793
 0.000257853833
 0.000082326574
 0.000090229340
 0.000089511654
 0.000053913227
 0.000051635756
 0.001730101903
 0.000455352325
 0.000056049392
 0.000135711688
 0.002184637900
 0.005503690775
 0.000683391804
 0.000825729872
 0.000114791284
 0.000625887832
 0.000141832792
 0.000203800764
 0.000423011173
 0.000271461559
 0.000302614260
 0.000155826946
 0.000629651847
 0.002001564777
 0.000376202046
 0.000310549847
 0.001094605267
 0.000107828280
 0.000226124445
 0.000276254997
 0.002762516757
 0.000095727775
 0.000140167282
 0.005264510779
 0.000064135304
 0.000036792056
 0.002003949148
 0.000143115221
 0.000288180258
 0.000085736917
 0.000136358412
 0.001437366369
 0.000091098055
 0.012816664127
 0.001539244791
 0.002644983621
 0.000768629219
 0.000593757783
 0.000383092793
 0.014129251263
 0.000302029857
 0.000844557199
 0.000212030899
 0.000011350132
 0.000136797193
 0.000020493042
 0.000068283946
 0.000233276360
 0.000726596624
 0.000062220760
 0.000124119631
 0.000209067165
 0.002079858105
 0.001351056482
 0.001128766533
 0.000125802632
 0.003011703994
 0.000039754521
 0.000388569627
 0.001323615577
 0.002713373144
 0.000492599138
 0.000046177714
 0.000031673903
 0.000109649950
 0.019761124520
 0.000141555340
 0.000098778964
 0.000019526433
 0.000169370257
 0.000157053020
 0.000147996522
 0.000141653563
 0.001360681017
 0.000873159183
 0.001018635320
 0.006126768101
 0.000007057408
 0.000113627907
 0.000146868100
 0.000279423579
 0.001088615764
 0.000084117083
 0.000034784014
 0.000159046552
 0.000288975447
 0.000009558097
 0.000873327907
 0.000649288920
 0.009187866199
 0.000698036371
 0.000589299573
 0.000101462922
 0.000031351252
 0.000130846727
 0.000077193959
 0.000075498679
 0.002238623087
 0.000033786336
 0.000049858411
 0.000143307586
 0.000448817471
 0.000219778416
 0.000097057293
 0.000078186482
 0.000141097388
 0.000030093749
 0.000064418573
 0.000008115291
 0.000078459923
 0.000051178172
 0.000158531979
 0.000020794696
 0.000105410008
 0.000053253479
 0.000163413162
 0.000024439472
 0.000111237120
 0.000115999462
 0.003052972653
 0.000096253674
 0.000071451536
 0.000169015491
 0.000195133068
 0.000321060276
 0.000038466147
