1.0000 0.0522 0.0062
2.0000 0.0694 0.0078
3.0000 0.0844 0.0097
4.0000 0.0985 0.0106
5.0000 0.1035 0.0105
6.0000 0.1122 0.0109
7.0000 0.0979 0.0092
8.0000 0.1282 0.0155
9.0000 0.1522 0.0167
10.0000 0.1573 0.0177
11.0000 0.1832 0.0200
12.0000 0.2079 0.0218
13.0000 0.1299 0.0115
14.0000 0.1452 0.0179
15.0000 0.2048 0.0211
16.0000 0.1605 0.0133
17.0000 0.0984 0.0060
18.0000 0.1192 0.0159
19.0000 0.0907 0.0143
20.0000 0.0716 0.0050
21.0000 0.0976 0.0073
22.0000 0.0948 0.0075
23.0000 0.1645 0.0131
24.0000 0.1100 0.0143
25.0000 0.1142 0.0154
26.0000 0.1290 0.0156
27.0000 0.1401 0.0176
28.0000 0.0894 0.0089
29.0000 0.1153 0.0159
30.0000 0.1520 0.0173
31.0000 0.1554 0.0282
32.0000 0.1885 0.0207
33.0000 0.1424 0.0181
34.0000 0.1467 0.0210
35.0000 0.1653 0.0192
36.0000 0.1596 0.0197
37.0000 0.1890 0.0180
38.0000 0.1038 0.0140
