1.000000000000000000e+00 6.132025167964167897e-03 2.107302499563207775e-03
2.000000000000000000e+00 5.865415378052680866e-04 1.754635363884641055e-04
3.000000000000000000e+00 7.998293697344565842e-03 1.671392834802573916e-03
4.000000000000000000e+00 1.844939746187479815e-02 4.925907230395925630e-03
5.000000000000000000e+00 6.398634957875652327e-03 2.014006459714234604e-03
6.000000000000000000e+00 9.704596352778073476e-03 2.627605962702664420e-03
7.000000000000000000e+00 8.798123067079022600e-03 2.310831902496851727e-03
8.000000000000000000e+00 1.221072837794603613e-02 4.733341390368378532e-03
9.000000000000000000e+00 1.322384557960968286e-02 2.711901503903745188e-03
1.000000000000000000e+01 2.836728164658205986e-02 5.872884735216114642e-03
1.100000000000000000e+01 1.748960221819345282e-02 2.293721780508591220e-03
1.200000000000000000e+01 2.202196864668870546e-02 4.211775716119884813e-03
1.300000000000000000e+01 1.381038711741495138e-02 4.126867770025548741e-03
1.400000000000000000e+01 1.253066012583982022e-02 1.995999067845036050e-03
1.500000000000000000e+01 9.971206142689557905e-03 3.190247256927166829e-03
1.600000000000000000e+01 1.013117201663645169e-02 2.353842984585079786e-03
1.700000000000000000e+01 6.451956915857949386e-03 2.221378157813636272e-03
1.800000000000000000e+01 1.418364082329102993e-02 2.474713610647419262e-03
1.900000000000000000e+01 7.731683907433080545e-03 1.456963206748371599e-03
2.000000000000000000e+01 4.798976218406739679e-03 1.154288487774512246e-03
2.100000000000000000e+01 1.183747467206995758e-02 1.813759869777456296e-03
2.200000000000000000e+01 1.178415271408766139e-02 2.783614510264139329e-03
2.300000000000000000e+01 6.185347125946464956e-03 1.334879562623223154e-03
2.400000000000000000e+01 5.972059294017275852e-03 1.636358233781415317e-03
2.500000000000000000e+01 5.865415378052681733e-03 2.405910846348374016e-03
2.600000000000000000e+01 5.918737336034978792e-03 1.758151665159214715e-03
2.700000000000000000e+01 4.372400554548362683e-02 3.296804884979415151e-02
2.800000000000000000e+01 9.384664604884289385e-03 2.332076253751542982e-03
2.900000000000000000e+01 1.535672389890156697e-02 2.698158098204359989e-03
3.000000000000000000e+01 1.162418684014076935e-02 2.278031017026931754e-03
3.100000000000000000e+01 4.041804415058120742e-02 2.611976765331740225e-02
3.200000000000000000e+01 4.692332302442144693e-03 8.704661705280534534e-04
3.300000000000000000e+01 1.221072837794603613e-02 2.723724967334837949e-03
3.400000000000000000e+01 9.011410899008210837e-03 2.324458266446836549e-03
3.500000000000000000e+01 5.534819238562439792e-02 2.230135684513480723e-02
3.600000000000000000e+01 1.114428921830009495e-02 2.200622908178279276e-03
3.700000000000000000e+01 1.487682627706089257e-02 3.517422673502065399e-03
3.800000000000000000e+01 1.455689452916711021e-02 2.790216855112557463e-03
