1.000000000000000000e+00 2.075734661803517022e-03 1.253179535525346389e-03
2.000000000000000000e+00 2.668801708033093144e-04 8.843438428288729095e-05
3.000000000000000000e+00 3.854935800492245712e-04 1.584874309789719815e-04
4.000000000000000000e+00 5.485870177623580236e-03 2.136638018829310672e-03
5.000000000000000000e+00 3.232215401951190736e-03 1.117716485705021493e-03
6.000000000000000000e+00 1.897814547934644110e-03 4.438683157472504887e-04
7.000000000000000000e+00 4.803843074459567333e-03 1.285964695425702818e-03
8.000000000000000000e+00 1.897814547934644110e-03 6.630942544250727298e-04
9.000000000000000000e+00 3.410135515820063648e-03 1.167027386724216404e-03
1.000000000000000000e+01 1.132758058298490716e-02 2.910289462160496436e-03
1.100000000000000000e+01 2.372268184918304920e-03 9.723190422342124642e-04
1.200000000000000000e+01 4.566616255967737362e-03 1.276628406608171966e-03
1.300000000000000000e+01 3.558402277377457380e-03 1.698256394384539984e-03
1.400000000000000000e+01 3.024641935770839077e-03 6.330565669729328005e-04
1.500000000000000000e+01 1.541974320196898285e-03 3.989863716163251058e-04
1.600000000000000000e+01 4.032855914361118191e-03 1.154198019539279859e-03
1.700000000000000000e+01 1.957121252557601603e-03 6.856905191153822750e-04
1.800000000000000000e+01 4.270082732852949030e-03 1.189710744762151979e-03
1.900000000000000000e+01 1.957121252557601603e-03 8.179745121701037036e-04
2.000000000000000000e+01 1.067520683213237257e-03 2.407065291795278431e-04
2.100000000000000000e+01 2.668801708033093252e-03 5.916580993944348544e-04
2.200000000000000000e+01 2.698455060344571999e-03 1.223929030779896763e-03
2.300000000000000000e+01 2.075734661803517022e-03 5.762881791390452816e-04
2.400000000000000000e+01 7.413338077869702876e-04 2.199639790385058324e-04
2.500000000000000000e+01 2.431574889541262847e-03 1.316672907391075974e-03
2.600000000000000000e+01 2.105388014114995768e-03 8.942551835612898075e-04
2.700000000000000000e+01 2.668801708033093252e-03 8.314512479493454955e-04
2.800000000000000000e+01 1.512320967885419538e-03 4.772228383332812861e-04
2.900000000000000000e+01 4.329389437475906523e-03 8.013379457685988012e-04
3.000000000000000000e+01 3.854935800492245712e-03 1.091224112497891224e-03
3.100000000000000000e+01 1.897814547934643936e-02 1.361727028064877061e-02
3.200000000000000000e+01 1.749547786377249944e-03 3.617813790784458637e-04
3.300000000000000000e+01 2.876375174213444911e-03 9.593455206662479745e-04
3.400000000000000000e+01 3.232215401951190736e-03 1.094222304711244681e-03
3.500000000000000000e+01 1.426326246182130913e-02 7.277168039742077342e-03
3.600000000000000000e+01 3.172908697328232809e-03 6.925446523691881993e-04
3.700000000000000000e+01 5.752750348426889822e-03 2.109513571871507540e-03
3.800000000000000000e+01 6.227203985410550849e-04 3.460274282109968252e-04
