1.000000000000000000e+00 0.000000000000000000e+00 0.000000000000000000e+00
2.000000000000000000e+00 1.336094595497361293e-04 1.220628616920155229e-04
3.000000000000000000e+00 1.336094595497361293e-04 1.220628616920155229e-04
4.000000000000000000e+00 1.193132473779143499e-01 3.462602199929414037e-02
5.000000000000000000e+00 1.490413521277306474e-01 2.689040252753110635e-02
6.000000000000000000e+00 1.650744872736989721e-01 2.950287555766512027e-02
7.000000000000000000e+00 1.609993987574320218e-01 4.164394986260556986e-02
8.000000000000000000e+00 1.567907007816153331e-01 4.978908967754077514e-02
9.000000000000000000e+00 2.235286258267085435e-01 5.830342368267010800e-02
1.000000000000000000e+01 2.197207562295410421e-01 6.218256656448466202e-02
1.100000000000000000e+01 2.083639521678134765e-01 6.818918431970164007e-02
1.200000000000000000e+01 2.413654886765982943e-01 7.184736897262791744e-02
1.300000000000000000e+01 2.229273832587347071e-01 7.417554601726128460e-02
1.400000000000000000e+01 2.733649542387601161e-01 6.874194721180361400e-02
1.500000000000000000e+01 2.476451332754359136e-01 6.440686241749020435e-02
1.600000000000000000e+01 1.925312312111697455e-01 5.449038129978341083e-02
1.700000000000000000e+01 1.827777406640390123e-01 5.288595912925130732e-02
1.800000000000000000e+01 1.894582136415258189e-01 3.002703278232784351e-02
1.900000000000000000e+01 2.484467900327343159e-01 5.531663554566790958e-02
2.000000000000000000e+01 2.521210501703520790e-01 5.575817918650210342e-02
2.100000000000000000e+01 2.196539514997661868e-01 5.691755765813977935e-02
2.200000000000000000e+01 1.760304629567773504e-01 5.147828789704156360e-02
2.300000000000000000e+01 1.125659696706526880e-01 2.884205798076577842e-02
2.400000000000000000e+01 7.642461086244906054e-02 2.470551097851667738e-02
2.500000000000000000e+01 9.279176965729173110e-02 2.454401715128132558e-02
2.600000000000000000e+01 9.292537911684146945e-02 2.384842804980607731e-02
2.700000000000000000e+01 1.112966798049301875e-01 1.970740393559365991e-02
2.800000000000000000e+01 1.784354332286725853e-01 1.915025444507568314e-02
2.900000000000000000e+01 2.350190393479858475e-01 2.337702259962052762e-02
3.000000000000000000e+01 2.032199879751486471e-01 2.488853969567314528e-02
3.100000000000000000e+01 1.503106419934531479e-01 1.883602178547630693e-02
3.200000000000000000e+01 1.046830115572182501e-01 1.523472223130676630e-02
3.300000000000000000e+01 8.711336762642794829e-02 1.469350082236076799e-02
3.400000000000000000e+01 9.492952101008751697e-02 1.473116561173992700e-02
3.500000000000000000e+01 7.769390072817156101e-02 1.383896460770397963e-02
3.600000000000000000e+01 5.304295544124523754e-02 1.066142849653224992e-02
3.700000000000000000e+01 0.000000000000000000e+00 0.000000000000000000e+00
3.800000000000000000e+01 0.000000000000000000e+00 0.000000000000000000e+00
