8.0002 13.9052 13.3467 14.4637
16.0004 13.5168 13.1779 13.8558
24.0006 12.0454 11.2942 12.7966
32.0008 11.8866 10.9852 12.7879
40.0009 11.7017 10.9281 12.4752
48.0011 11.4783 10.8698 12.0869
56.0013 11.2377 10.8416 11.6339
64.0015 10.9473 10.3542 11.5405
72.0017 10.6714 10.1038 11.2389
80.0019 10.1923 9.5082 10.8764
88.0021 9.3551 8.4332 10.2770
96.0023 8.9114 7.7183 10.1046
104.0025 8.4639 6.7887 10.1391
112.0027 8.3414 6.6662 10.0166
120.0028 8.2721 6.5969 9.9473
128.0030 8.0576 6.0291 10.0861
136.0032 7.9610 5.9325 9.9896
144.0034 7.8456 5.8171 9.8742
152.0036 7.5807 5.5521 9.6092
160.0038 7.4905 5.4619 9.5190
168.0040 7.2584 4.6934 9.8234
176.0042 7.0307 4.4657 9.5957
184.0044 6.8132 4.2482 9.3782
192.0045 6.6568 4.0918 9.2218
200.0047 6.4949 3.9299 9.0600
208.0049 6.3083 3.7433 8.8733
216.0051 6.1408 3.5758 8.7058
224.0053 6.0038 3.4388 8.5688
232.0055 5.8869 3.3219 8.4519
240.0057 5.7338 3.1688 8.2988
248.0059 5.5952 3.2800 7.9103
256.0061 5.4927 3.1776 7.8078
264.0062 5.3655 3.0503 7.6806
272.0064 5.2469 2.9318 7.5620
280.0066 5.1291 2.8140 7.4443
288.0068 5.0308 2.7157 7.3459
296.0070 4.9408 2.6257 7.2560
304.0072 4.8714 2.5563 7.1866
312.0074 4.7950 2.4798 7.1101
320.0076 4.7253 2.4102 7.0404
328.0078 4.6579 1.9060 7.4097
336.0080 4.5983 1.8465 7.3502
344.0081 4.5591 1.8073 7.3110
352.0083 4.4948 1.7429 7.2466
360.0085 4.4479 1.6960 7.1998
368.0087 4.3852 1.6333 7.1371
376.0089 4.3493 1.5975 7.1012
384.0091 4.2950 1.5432 7.0469
392.0093 4.2373 1.4854 6.9891
400.0095 4.1871 1.4353 6.9390
408.0097 4.1411 1.3892 6.8929
416.0098 4.1039 1.3520 6.8557
424.0100 4.0563 1.3044 6.8081
432.0102 3.9979 1.2460 6.7498
440.0104 3.9702 1.2183 6.7220
448.0106 3.9404 1.1886 6.6923
456.0108 3.9096 1.1578 6.6615
464.0110 3.8763 1.1244 6.6281
472.0112 3.8397 1.0878 6.5916
480.0114 3.8465 1.0946 6.5983
488.0116 3.8662 1.1143 6.6181
496.0117 3.9279 2.1622 5.6936
504.0119 3.9756 2.2099 5.7413
512.0121 3.9967 2.2310 5.7624
520.0123 4.0155 2.2498 5.7812
528.0125 4.0369 2.2712 5.8026
536.0127 4.0732 2.3075 5.8389
544.0129 4.0886 2.3229 5.8543
552.0131 4.1148 2.3491 5.8805
560.0133 4.1365 2.3708 5.9022
568.0134 4.1228 2.3571 5.8885
576.0136 4.1317 2.3660 5.8974
584.0138 4.1253 2.3596 5.8910
592.0140 4.1299 2.3642 5.8956
600.0142 4.1240 2.3583 5.8897
608.0144 4.1385 2.3727 5.9042
616.0146 4.1631 2.3974 5.9288
624.0148 4.1389 2.3732 5.9046
632.0150 4.1115 2.3458 5.8772
640.0151 4.0751 2.3094 5.8408
648.0153 4.0413 2.2756 5.8070
656.0155 4.0057 2.7516 5.2598
664.0157 3.9718 2.7176 5.2259
672.0159 3.9410 3.2887 4.5934
680.0161 3.9065 3.2541 4.5588
688.0163 3.8707 3.2184 4.5231
696.0165 3.8408 3.1885 4.4932
704.0167 3.8189 3.1666 4.4712
712.0169 3.7928 3.1405 4.4451
720.0170 3.7707 3.1183 4.4230
728.0172 3.7572 3.1049 4.4096
736.0174 3.7379 3.0855 4.3902
744.0176 3.7140 3.0617 4.3664
752.0178 3.6957 3.0434 4.3480
760.0180 3.6720 3.0196 4.3243
768.0182 3.6465 2.9941 4.2988
776.0184 3.6358 2.9834 4.2881
784.0186 3.6336 2.9813 4.2860
792.0187 3.6200 2.9677 4.2724
800.0189 3.6053 2.9530 4.2576
808.0191 3.5859 2.9335 4.2382
816.0193 3.5680 2.9157 4.2204
824.0195 3.5564 2.9041 4.2087
832.0197 3.5433 2.8910 4.1956
840.0199 3.5214 2.8691 4.1738
848.0201 3.5028 2.8504 4.1551
856.0203 3.4822 2.8299 4.1345
864.0205 3.4608 2.8084 4.1131
872.0206 3.4379 2.7855 4.0902
880.0208 3.4269 2.7746 4.0792
888.0210 3.4365 2.7841 4.0888
896.0212 3.4411 2.7888 4.0935
904.0214 3.4193 2.7670 4.0717
912.0216 3.4045 2.7522 4.0569
920.0218 3.3920 2.7396 4.0443
928.0220 3.3934 2.7410 4.0457
936.0222 3.3842 2.7319 4.0366
944.0223 3.3776 2.7253 4.0299
952.0225 3.3601 2.7077 4.0124
960.0227 3.3494 2.6971 4.0017
968.0229 3.3328 2.6804 3.9851
976.0231 3.3184 2.6661 3.9707
984.0233 3.3037 2.5065 4.1009
992.0235 3.2877 2.4905 4.0848
1000.0237 3.2681 2.4709 4.0652
1008.0239 3.2482 2.4510 4.0453
1016.0240 3.2391 2.4419 4.0362
1024.0242 3.2354 2.4382 4.0326
1032.0244 3.2418 2.4447 4.0390
1040.0246 3.2410 2.4438 4.0381
1048.0248 3.2265 2.4294 4.0237
1056.0250 3.2109 2.4137 4.0080
1064.0252 3.1955 2.3983 3.9926
1072.0254 3.1799 2.3827 3.9771
1080.0256 3.1663 2.3691 3.9634
1088.0258 3.1526 2.3554 3.9497
1096.0259 3.1354 2.3383 3.9326
1104.0261 3.1223 2.3251 3.9194
1112.0263 3.1073 2.3102 3.9045
1120.0265 3.0891 2.2919 3.8862
1128.0267 3.0701 2.2730 3.8673
1136.0269 3.0602 2.2630 3.8573
1144.0271 3.0454 2.2483 3.8426
1152.0273 3.0282 2.2310 3.8253
1160.0275 3.0114 2.2142 3.8086
1168.0276 3.0002 2.2031 3.7974
1176.0278 2.9941 2.1969 3.7913
1184.0280 2.9787 2.1816 3.7759
1192.0282 2.9656 2.1684 3.7627
1200.0284 2.9532 2.1561 3.7504
1208.0286 2.9406 2.1435 3.7378
1216.0288 2.9342 2.1370 3.7313
1224.0290 2.9237 2.1266 3.7209
1232.0292 2.9126 2.1154 3.7098
1240.0294 2.9022 2.1050 3.6994
1248.0295 2.8924 2.0952 3.6895
1256.0297 2.8800 2.0828 3.6771
1264.0299 2.8687 2.0716 3.6659
1272.0301 2.8591 2.0619 3.6563
1280.0303 2.8506 2.0535 3.6478
1288.0305 2.8439 2.0468 3.6411
1296.0307 2.8396 2.0425 3.6368
1304.0309 2.8293 2.0321 3.6264
1312.0311 2.8178 2.0735 3.5622
1320.0312 2.8037 2.0593 3.5481
1328.0314 2.7992 2.0548 3.5436
1336.0316 2.7927 2.0483 3.5371
1344.0318 2.7822 2.0378 3.5266
1352.0320 2.7741 2.0297 3.5185
1360.0322 2.7664 2.0220 3.5108
1368.0324 2.7565 2.0121 3.5009
1376.0326 2.7472 2.0028 3.4915
1384.0328 2.7392 1.9948 3.4836
1392.0329 2.7302 1.9858 3.4746
1400.0331 2.7195 1.9751 3.4639
1408.0333 2.7116 1.9672 3.4560
1416.0335 2.7021 1.9577 3.4465
1424.0337 2.6932 1.9488 3.4376
1432.0339 2.6874 1.9430 3.4318
1440.0341 2.6777 1.9333 3.4221
1448.0343 2.6681 1.9237 3.4125
1456.0345 2.6579 1.9135 3.4023
1464.0347 2.6476 1.9032 3.3920
1472.0348 2.6380 1.8936 3.3824
1480.0350 2.6300 1.8856 3.3744
1488.0352 2.6218 1.8774 3.3662
1496.0354 2.6148 1.8704 3.3592
