1.000000000000000000e+00 0.000000000000000000e+00 0.000000000000000000e+00
2.000000000000000000e+00 0.000000000000000000e+00 0.000000000000000000e+00
3.000000000000000000e+00 0.000000000000000000e+00 0.000000000000000000e+00
4.000000000000000000e+00 0.000000000000000000e+00 0.000000000000000000e+00
5.000000000000000000e+00 0.000000000000000000e+00 0.000000000000000000e+00
6.000000000000000000e+00 0.000000000000000000e+00 0.000000000000000000e+00
7.000000000000000000e+00 0.000000000000000000e+00 0.000000000000000000e+00
8.000000000000000000e+00 0.000000000000000000e+00 0.000000000000000000e+00
9.000000000000000000e+00 0.000000000000000000e+00 0.000000000000000000e+00
1.000000000000000000e+01 0.000000000000000000e+00 0.000000000000000000e+00
1.100000000000000000e+01 0.000000000000000000e+00 0.000000000000000000e+00
1.200000000000000000e+01 0.000000000000000000e+00 0.000000000000000000e+00
1.300000000000000000e+01 0.000000000000000000e+00 0.000000000000000000e+00
1.400000000000000000e+01 0.000000000000000000e+00 0.000000000000000000e+00
1.500000000000000000e+01 8.037401133561754285e-02 7.757878573843967306e-03
1.600000000000000000e+01 0.000000000000000000e+00 0.000000000000000000e+00
1.700000000000000000e+01 0.000000000000000000e+00 0.000000000000000000e+00
1.800000000000000000e+01 9.315059720131929621e-02 8.394337067068947597e-03
1.900000000000000000e+01 0.000000000000000000e+00 0.000000000000000000e+00
2.000000000000000000e+01 0.000000000000000000e+00 0.000000000000000000e+00
2.100000000000000000e+01 0.000000000000000000e+00 0.000000000000000000e+00
2.200000000000000000e+01 0.000000000000000000e+00 0.000000000000000000e+00
2.300000000000000000e+01 6.215376733164686140e-02 8.997298210987353384e-03
2.400000000000000000e+01 0.000000000000000000e+00 0.000000000000000000e+00
2.500000000000000000e+01 0.000000000000000000e+00 0.000000000000000000e+00
2.600000000000000000e+01 0.000000000000000000e+00 0.000000000000000000e+00
2.700000000000000000e+01 0.000000000000000000e+00 0.000000000000000000e+00
2.800000000000000000e+01 0.000000000000000000e+00 0.000000000000000000e+00
2.900000000000000000e+01 0.000000000000000000e+00 0.000000000000000000e+00
3.000000000000000000e+01 0.000000000000000000e+00 0.000000000000000000e+00
3.100000000000000000e+01 0.000000000000000000e+00 0.000000000000000000e+00
3.200000000000000000e+01 0.000000000000000000e+00 0.000000000000000000e+00
3.300000000000000000e+01 0.000000000000000000e+00 0.000000000000000000e+00
3.400000000000000000e+01 0.000000000000000000e+00 0.000000000000000000e+00
3.500000000000000000e+01 0.000000000000000000e+00 0.000000000000000000e+00
3.600000000000000000e+01 0.000000000000000000e+00 0.000000000000000000e+00
3.700000000000000000e+01 9.321464023824009570e-02 1.405509310551700426e-02
3.800000000000000000e+01 0.000000000000000000e+00 0.000000000000000000e+00
