1.0000 0.0797 0.0105
2.0000 0.0957 0.0136
3.0000 0.0725 0.0071
4.0000 0.1088 0.0123
5.0000 0.0946 0.0078
6.0000 0.1106 0.0124
7.0000 0.1355 0.0133
8.0000 0.1758 0.0165
9.0000 0.2070 0.0189
10.0000 0.2601 0.0193
11.0000 0.2828 0.0214
12.0000 0.3233 0.0228
13.0000 0.2674 0.0216
14.0000 0.2897 0.0328
15.0000 0.3259 0.0219
16.0000 0.3186 0.0210
17.0000 0.3022 0.0220
18.0000 0.2969 0.0333
19.0000 0.2488 0.0215
20.0000 0.2197 0.0182
21.0000 0.2089 0.0162
22.0000 0.1417 0.0087
23.0000 0.2007 0.0175
24.0000 0.1519 0.0149
25.0000 0.1575 0.0102
26.0000 0.1970 0.0107
27.0000 0.2127 0.0165
28.0000 0.1725 0.0157
29.0000 0.1666 0.0103
30.0000 0.1681 0.0099
31.0000 0.1817 0.0148
32.0000 0.2503 0.0210
33.0000 0.2047 0.0195
34.0000 0.2247 0.0277
35.0000 0.1857 0.0153
36.0000 0.1680 0.0108
37.0000 0.2375 0.0186
38.0000 0.1353 0.0133
