0.054 0.037 0.015 0.021 0.006 0.009 0.023 0.016 0.017 0.020 0.013 0.020 0.009 0.014 0.024 0.013 0.009 0.015 0.010 0.005 0.008 0.004 0.007 0.004 0.007 0.009 0.011 0.002 0.003 0.012 0.009 0.010 0.004 0.006 0.007 0.006 0.011 0.006
0.037 0.074 0.023 0.031 0.009 0.026 0.057 0.032 0.028 0.037 0.030 0.033 0.011 0.017 0.024 0.024 0.019 0.013 0.016 0.012 0.009 0.004 0.013 0.005 0.010 0.013 0.013 0.005 0.006 0.014 0.011 0.013 0.006 0.007 0.009 0.009 0.014 0.008
0.015 0.023 0.038 0.023 0.015 0.013 0.014 0.010 0.011 0.011 0.011 0.010 0.006 0.006 0.007 0.007 0.005 0.006 0.005 0.004 0.005 0.003 0.004 0.003 0.005 0.006 0.007 0.004 0.004 0.005 0.005 0.004 0.002 0.004 0.004 0.004 0.006 0.003
0.021 0.031 0.023 0.090 0.042 0.021 0.039 0.034 0.041 0.039 0.030 0.044 0.027 0.018 0.019 0.032 0.032 0.028 0.019 0.015 0.021 0.009 0.009 0.012 0.015 0.018 0.018 0.010 0.008 0.011 0.014 0.009 0.007 0.016 0.015 0.014 0.022 0.014
0.006 0.009 0.015 0.042 0.067 0.032 0.020 0.023 0.030 0.024 0.029 0.028 0.022 0.016 0.013 0.019 0.021 0.018 0.014 0.013 0.014 0.007 0.008 0.008 0.010 0.010 0.012 0.009 0.009 0.007 0.008 0.009 0.005 0.006 0.007 0.007 0.012 0.005
0.009 0.026 0.013 0.021 0.032 0.079 0.048 0.028 0.030 0.041 0.038 0.028 0.018 0.022 0.015 0.024 0.024 0.011 0.015 0.015 0.008 0.006 0.015 0.006 0.009 0.017 0.011 0.009 0.013 0.012 0.015 0.014 0.008 0.011 0.011 0.012 0.017 0.009
0.023 0.057 0.014 0.039 0.020 0.048 0.092 0.052 0.041 0.052 0.047 0.044 0.017 0.024 0.026 0.035 0.031 0.019 0.022 0.016 0.010 0.004 0.015 0.009 0.013 0.022 0.017 0.009 0.010 0.016 0.016 0.013 0.007 0.011 0.012 0.012 0.019 0.011
0.016 0.032 0.010 0.034 0.023 0.028 0.052 0.140 0.103 0.094 0.100 0.091 0.072 0.075 0.038 0.067 0.063 0.070 0.056 0.007 0.015 0.005 0.009 0.007 0.010 0.015 0.021 0.016 0.030 0.015 0.014 0.065 0.028 0.062 0.011 0.019 0.053 0.019
0.017 0.028 0.011 0.041 0.030 0.030 0.041 0.103 0.175 0.127 0.100 0.119 0.105 0.080 0.039 0.084 0.086 0.087 0.067 0.017 0.026 0.013 0.015 0.014 0.020 0.023 0.027 0.021 0.034 0.020 0.018 0.066 0.031 0.060 0.013 0.018 0.058 0.019
0.020 0.037 0.011 0.039 0.024 0.041 0.052 0.094 0.127 0.211 0.153 0.147 0.107 0.111 0.061 0.100 0.111 0.089 0.065 0.028 0.024 0.017 0.027 0.024 0.025 0.034 0.034 0.024 0.034 0.028 0.034 0.083 0.039 0.076 0.027 0.031 0.074 0.030
0.013 0.030 0.011 0.030 0.029 0.038 0.047 0.100 0.100 0.153 0.250 0.181 0.114 0.148 0.105 0.104 0.115 0.105 0.074 0.039 0.028 0.019 0.035 0.030 0.030 0.039 0.042 0.036 0.042 0.032 0.038 0.091 0.048 0.083 0.030 0.040 0.083 0.033
0.020 0.033 0.010 0.044 0.028 0.028 0.044 0.091 0.119 0.147 0.181 0.281 0.154 0.143 0.123 0.152 0.145 0.132 0.099 0.048 0.044 0.023 0.044 0.038 0.041 0.055 0.062 0.046 0.053 0.047 0.050 0.107 0.056 0.087 0.039 0.046 0.093 0.036
0.009 0.011 0.006 0.027 0.022 0.018 0.017 0.072 0.105 0.107 0.114 0.154 0.209 0.129 0.087 0.127 0.115 0.106 0.078 0.029 0.029 0.021 0.032 0.017 0.022 0.026 0.031 0.025 0.037 0.025 0.029 0.075 0.042 0.075 0.020 0.028 0.077 0.028
0.014 0.017 0.006 0.018 0.016 0.022 0.024 0.075 0.080 0.111 0.148 0.143 0.129 0.235 0.126 0.121 0.141 0.129 0.080 0.040 0.035 0.022 0.032 0.018 0.021 0.031 0.043 0.040 0.044 0.021 0.034 0.081 0.045 0.082 0.027 0.035 0.078 0.028
0.024 0.024 0.007 0.019 0.013 0.015 0.026 0.038 0.039 0.061 0.105 0.123 0.087 0.126 0.247 0.119 0.114 0.128 0.071 0.045 0.047 0.033 0.050 0.033 0.041 0.060 0.063 0.040 0.036 0.043 0.050 0.061 0.038 0.046 0.031 0.038 0.061 0.030
0.013 0.024 0.007 0.032 0.019 0.024 0.035 0.067 0.084 0.100 0.104 0.152 0.127 0.121 0.119 0.263 0.176 0.140 0.126 0.075 0.044 0.025 0.062 0.038 0.033 0.050 0.059 0.042 0.041 0.034 0.054 0.097 0.060 0.098 0.043 0.046 0.097 0.041
0.009 0.019 0.005 0.032 0.021 0.024 0.031 0.063 0.086 0.111 0.115 0.145 0.115 0.141 0.114 0.176 0.264 0.176 0.118 0.070 0.058 0.032 0.057 0.037 0.039 0.053 0.054 0.032 0.039 0.029 0.047 0.090 0.048 0.085 0.036 0.042 0.089 0.038
0.015 0.013 0.006 0.028 0.018 0.011 0.019 0.070 0.087 0.089 0.105 0.132 0.106 0.129 0.128 0.140 0.176 0.263 0.138 0.061 0.076 0.045 0.053 0.036 0.042 0.054 0.049 0.027 0.037 0.030 0.035 0.092 0.048 0.079 0.026 0.033 0.079 0.032
0.010 0.016 0.005 0.019 0.014 0.015 0.022 0.056 0.067 0.065 0.074 0.099 0.078 0.080 0.071 0.126 0.118 0.138 0.195 0.092 0.048 0.039 0.065 0.033 0.033 0.037 0.042 0.027 0.030 0.018 0.028 0.074 0.039 0.067 0.019 0.024 0.068 0.025
0.005 0.012 0.004 0.015 0.013 0.015 0.016 0.007 0.017 0.028 0.039 0.048 0.029 0.040 0.045 0.075 0.070 0.061 0.092 0.152 0.068 0.044 0.071 0.047 0.032 0.033 0.055 0.039 0.017 0.016 0.035 0.036 0.029 0.036 0.026 0.029 0.044 0.018
0.008 0.009 0.005 0.021 0.014 0.008 0.010 0.015 0.026 0.024 0.028 0.044 0.029 0.035 0.047 0.044 0.058 0.076 0.048 0.068 0.136 0.060 0.054 0.044 0.042 0.034 0.043 0.026 0.014 0.018 0.022 0.028 0.019 0.025 0.018 0.019 0.033 0.014
0.004 0.004 0.003 0.009 0.007 0.006 0.004 0.005 0.013 0.017 0.019 0.023 0.021 0.022 0.033 0.025 0.032 0.045 0.039 0.044 0.060 0.104 0.064 0.040 0.040 0.035 0.034 0.022 0.011 0.011 0.017 0.016 0.012 0.016 0.015 0.014 0.023 0.010
0.007 0.013 0.004 0.009 0.008 0.015 0.015 0.009 0.015 0.027 0.035 0.044 0.032 0.032 0.050 0.062 0.057 0.053 0.065 0.071 0.054 0.064 0.162 0.073 0.053 0.062 0.063 0.034 0.015 0.022 0.033 0.034 0.024 0.027 0.021 0.023 0.041 0.018
0.004 0.005 0.003 0.012 0.008 0.006 0.009 0.007 0.014 0.024 0.030 0.038 0.017 0.018 0.033 0.038 0.037 0.036 0.033 0.047 0.044 0.040 0.073 0.112 0.073 0.049 0.062 0.036 0.009 0.017 0.028 0.028 0.021 0.025 0.020 0.019 0.026 0.012
0.007 0.010 0.005 0.015 0.010 0.009 0.013 0.010 0.020 0.025 0.030 0.041 0.022 0.021 0.041 0.033 0.039 0.042 0.033 0.032 0.042 0.040 0.053 0.073 0.119 0.074 0.066 0.040 0.024 0.022 0.031 0.033 0.025 0.026 0.022 0.014 0.024 0.011
0.009 0.013 0.006 0.018 0.010 0.017 0.022 0.015 0.023 0.034 0.039 0.055 0.026 0.031 0.060 0.050 0.053 0.054 0.037 0.033 0.034 0.035 0.062 0.049 0.074 0.160 0.093 0.061 0.046 0.043 0.049 0.053 0.038 0.041 0.035 0.030 0.048 0.023
0.011 0.013 0.007 0.018 0.012 0.011 0.017 0.021 0.027 0.034 0.042 0.062 0.031 0.043 0.063 0.059 0.054 0.049 0.042 0.055 0.043 0.034 0.063 0.062 0.066 0.093 0.182 0.099 0.059 0.045 0.067 0.068 0.047 0.052 0.042 0.037 0.055 0.022
0.002 0.005 0.004 0.010 0.009 0.009 0.009 0.016 0.021 0.024 0.036 0.046 0.025 0.040 0.040 0.042 0.032 0.027 0.027 0.039 0.026 0.022 0.034 0.036 0.040 0.061 0.099 0.134 0.066 0.033 0.063 0.063 0.046 0.050 0.039 0.031 0.041 0.016
0.003 0.006 0.004 0.008 0.009 0.013 0.010 0.030 0.034 0.034 0.042 0.053 0.037 0.044 0.036 0.041 0.039 0.037 0.030 0.017 0.014 0.011 0.015 0.009 0.024 0.046 0.059 0.066 0.120 0.050 0.049 0.070 0.054 0.053 0.029 0.024 0.043 0.019
0.012 0.014 0.005 0.011 0.007 0.012 0.016 0.015 0.020 0.028 0.032 0.047 0.025 0.021 0.043 0.034 0.029 0.030 0.018 0.016 0.018 0.011 0.022 0.017 0.022 0.043 0.045 0.033 0.050 0.113 0.073 0.067 0.045 0.040 0.028 0.024 0.041 0.017
0.009 0.011 0.005 0.014 0.008 0.015 0.016 0.014 0.018 0.034 0.038 0.050 0.029 0.034 0.050 0.054 0.047 0.035 0.028 0.035 0.022 0.017 0.033 0.028 0.031 0.049 0.067 0.063 0.049 0.073 0.148 0.099 0.071 0.073 0.057 0.044 0.059 0.026
0.010 0.013 0.004 0.009 0.009 0.014 0.013 0.065 0.066 0.083 0.091 0.107 0.075 0.081 0.061 0.097 0.090 0.092 0.074 0.036 0.028 0.016 0.034 0.028 0.033 0.053 0.068 0.063 0.070 0.067 0.099 0.214 0.117 0.129 0.059 0.051 0.096 0.032
0.004 0.006 0.002 0.007 0.005 0.008 0.007 0.028 0.031 0.039 0.048 0.056 0.042 0.045 0.038 0.060 0.048 0.048 0.039 0.029 0.019 0.012 0.024 0.021 0.025 0.038 0.047 0.046 0.054 0.045 0.071 0.117 0.146 0.115 0.061 0.045 0.067 0.026
0.006 0.007 0.004 0.016 0.006 0.011 0.011 0.062 0.060 0.076 0.083 0.087 0.075 0.082 0.046 0.098 0.085 0.079 0.067 0.036 0.025 0.016 0.027 0.025 0.026 0.041 0.052 0.050 0.053 0.040 0.073 0.129 0.115 0.190 0.084 0.067 0.109 0.047
0.007 0.009 0.004 0.015 0.007 0.011 0.012 0.011 0.013 0.027 0.030 0.039 0.020 0.027 0.031 0.043 0.036 0.026 0.019 0.026 0.018 0.015 0.021 0.020 0.022 0.035 0.042 0.039 0.029 0.028 0.057 0.059 0.061 0.084 0.120 0.064 0.069 0.036
0.006 0.009 0.004 0.014 0.007 0.012 0.012 0.019 0.018 0.031 0.040 0.046 0.028 0.035 0.038 0.046 0.042 0.033 0.024 0.029 0.019 0.014 0.023 0.019 0.014 0.030 0.037 0.031 0.024 0.024 0.044 0.051 0.045 0.067 0.064 0.123 0.085 0.049
0.011 0.014 0.006 0.022 0.012 0.017 0.019 0.053 0.058 0.074 0.083 0.093 0.077 0.078 0.061 0.097 0.089 0.079 0.068 0.044 0.033 0.023 0.041 0.026 0.024 0.048 0.055 0.041 0.043 0.041 0.059 0.096 0.067 0.109 0.069 0.085 0.216 0.093
0.006 0.008 0.003 0.014 0.005 0.009 0.011 0.019 0.019 0.030 0.033 0.036 0.028 0.028 0.030 0.041 0.038 0.032 0.025 0.018 0.014 0.010 0.018 0.012 0.011 0.023 0.022 0.016 0.019 0.017 0.026 0.032 0.026 0.047 0.036 0.049 0.093 0.095
