1.000000000000000000e+00 0.000000000000000000e+00 0.000000000000000000e+00
2.000000000000000000e+00 6.795786612300373786e-02 1.981754284529363072e-02
3.000000000000000000e+00 1.274209989806319998e-02 5.630472488158599562e-03
4.000000000000000000e+00 6.455997281685355374e-03 5.403938438735487668e-03
5.000000000000000000e+00 2.548419979612640365e-04 2.710314890797670020e-04
6.000000000000000000e+00 5.096839959225280730e-04 2.113932654483369634e-04
7.000000000000000000e+00 1.308188922867821978e-02 4.834291660290798709e-03
8.000000000000000000e+00 2.446483180428134577e-02 8.643534979142138489e-03
9.000000000000000000e+00 1.607203533809038465e-01 3.415940227734292484e-02
1.000000000000000000e+01 1.879884471627590870e-01 3.217269991214991021e-02
1.100000000000000000e+01 2.141522256201155161e-01 5.336482631769012136e-02
1.200000000000000000e+01 1.787291879034998421e-01 2.121583040893455091e-02
1.300000000000000000e+01 2.251104315324498756e-02 4.427889208280289673e-03
1.400000000000000000e+01 4.374787631668365651e-02 1.266174279629221112e-02
1.500000000000000000e+01 7.789670404349303967e-02 1.414487277031876294e-02
1.600000000000000000e+01 3.423377505946312988e-02 4.852366896761298350e-03
1.700000000000000000e+01 8.724091063540605206e-02 1.960928348884658987e-02
1.800000000000000000e+01 2.268093781855249833e-02 6.534023005383369012e-03
1.900000000000000000e+01 1.826367652055725307e-02 4.119505689278702559e-03
2.000000000000000000e+01 1.503567787971457625e-02 3.315865118678183905e-03
2.100000000000000000e+01 7.645259938837920335e-03 1.091603467560472778e-03
2.200000000000000000e+01 3.143051308188923171e-02 2.495710112113683297e-03
2.300000000000000000e+01 1.860346585117227461e-02 3.969573314753940471e-03
2.400000000000000000e+01 2.115188583078491183e-02 4.348406861416955968e-03
2.500000000000000000e+01 2.675840978593272204e-02 5.754081060443524617e-03
2.600000000000000000e+01 1.709140332993543954e-01 1.774507292343681028e-02
2.700000000000000000e+01 2.120285423037716610e-01 5.531913566657482850e-02
2.800000000000000000e+01 1.807679238871899297e-01 3.620135404768890647e-02
2.900000000000000000e+01 1.534998301053346892e-01 5.177882505734808516e-02
3.000000000000000000e+01 1.320931022765885199e-01 3.386937007889023049e-02
3.100000000000000000e+01 1.467040434930343140e-01 5.201777365289717014e-02
3.200000000000000000e+01 5.470608222901800904e-02 8.328950991294350320e-03
3.300000000000000000e+01 4.128440366972477293e-02 4.601555957044732754e-03
3.400000000000000000e+01 5.130818892286782146e-02 3.193646689272533219e-03
3.500000000000000000e+01 5.997281685355079772e-02 4.696138686931480323e-03
3.600000000000000000e+01 6.804281345565749151e-02 8.362484647682593211e-03
3.700000000000000000e+01 4.587155963302752548e-03 2.212655951437489995e-03
3.800000000000000000e+01 0.000000000000000000e+00 0.000000000000000000e+00
