1.000000000000000000e+00 1.162381120112715611e-02 5.934542942353125336e-03
2.000000000000000000e+00 8.165487207403374775e-03 2.528200343964594633e-03
3.000000000000000000e+00 6.532389765922699820e-03 1.172272390796063506e-03
4.000000000000000000e+00 6.436325210541484106e-03 1.292630671535186741e-03
5.000000000000000000e+00 5.123442953664862328e-04 1.559436924995790503e-04
6.000000000000000000e+00 2.273527810688783044e-03 4.314132685555000608e-04
7.000000000000000000e+00 4.803227769060808500e-04 3.898768912997592506e-04
8.000000000000000000e+00 6.308239136699862575e-03 2.607803768958107810e-03
9.000000000000000000e+00 1.059912261039418560e-02 1.764966554164589842e-03
1.000000000000000000e+01 7.252873931281821063e-02 2.632378821352363008e-02
1.100000000000000000e+01 3.682474622946620146e-02 3.749237536482837203e-03
1.200000000000000000e+01 2.760254891286944429e-02 5.345784233419098412e-03
1.300000000000000000e+01 1.319286560568702117e-02 4.046599688841399402e-03
1.400000000000000000e+01 6.042460533478497681e-02 8.111035932617183947e-03
1.500000000000000000e+01 9.318261871977968555e-03 1.608098278084370497e-03
1.600000000000000000e+01 9.382304908898780188e-03 4.511307130788969923e-03
1.700000000000000000e+01 6.404303692081078289e-03 2.417184313163333546e-03
1.800000000000000000e+01 3.701687534022863463e-02 5.308810498096581086e-03
1.900000000000000000e+01 1.543437189791539710e-02 3.297204937324006366e-03
2.000000000000000000e+01 9.350283390438373504e-03 1.063458169078778303e-03
2.100000000000000000e+01 1.879663133625796359e-02 4.220534575523848808e-03
2.200000000000000000e+01 1.629895289634634634e-02 1.969990760448744795e-03
2.300000000000000000e+01 6.564411284383104769e-03 1.624522309368620120e-03
2.400000000000000000e+01 5.956002433635402063e-03 8.282073580825946840e-04
2.500000000000000000e+01 4.675141695219186752e-03 1.154216558661397534e-03
2.600000000000000000e+01 5.731851804412564817e-03 1.074902461268910413e-03
2.700000000000000000e+01 2.849915142976080021e-02 7.632661320640746379e-03
2.800000000000000000e+01 8.581766947388644318e-03 1.422851952016941993e-03
2.900000000000000000e+01 1.050305805501296728e-02 2.087051856970150582e-03
3.000000000000000000e+01 4.066732844471484046e-03 9.875045392202851189e-04
3.100000000000000000e+01 1.367318838259310061e-02 1.918053442209729847e-03
3.200000000000000000e+01 3.458323993723782640e-03 8.988399925117802457e-04
3.300000000000000000e+01 1.748374907938134160e-02 4.877632775289980453e-03
3.400000000000000000e+01 1.553043645329661541e-02 3.575945163789905328e-03
3.500000000000000000e+01 2.244708444074417636e-02 3.795862422993455474e-03
3.600000000000000000e+01 1.524224278715296567e-02 3.494664917064283210e-03
3.700000000000000000e+01 1.175189727496877765e-02 2.184937677739420651e-03
3.800000000000000000e+01 1.729161996861891190e-02 2.202400296527295531e-03
