1.000000000000000000e+00 4.418501895304760368e-04 1.746575033632132446e-04
2.000000000000000000e+00 1.069742564126415765e-03 4.244633754519837711e-04
3.000000000000000000e+00 1.069742564126415765e-03 2.799612775880782950e-04
4.000000000000000000e+00 1.069742564126415765e-03 2.468249517921578180e-04
5.000000000000000000e+00 6.511476477291225405e-04 1.560319219261696534e-04
6.000000000000000000e+00 1.744145484988721172e-03 3.545984155109847455e-04
7.000000000000000000e+00 5.744052463896188315e-03 3.362385460754195934e-03
8.000000000000000000e+00 2.744122229715588012e-03 9.286027600881107758e-04
9.000000000000000000e+00 1.953442943187367730e-03 3.758302321944070510e-04
1.000000000000000000e+01 4.976628450501151442e-03 6.878249821288703837e-04
1.100000000000000000e+01 1.753447594241994492e-02 1.043093122920485220e-02
1.200000000000000000e+01 4.025487779353968676e-02 2.406603612417203275e-02
1.300000000000000000e+01 5.511499732564358565e-03 6.583469160017682261e-04
1.400000000000000000e+01 7.441687402618544188e-03 1.342585316149233834e-03
1.500000000000000000e+01 7.046347759354434047e-03 3.783365110609368358e-03
1.600000000000000000e+01 5.348712820632078174e-03 1.004515520737546928e-03
1.700000000000000000e+01 3.069696053580149228e-03 8.275604955321620411e-04
1.800000000000000000e+01 1.251133694565242753e-02 2.625460965272004288e-03
1.900000000000000000e+01 1.253459221878561007e-02 4.948226938251919747e-03
2.000000000000000000e+01 7.581219041417641170e-03 1.935188197310364240e-03
2.100000000000000000e+01 4.511522987837491942e-03 8.024755238776403550e-04
2.200000000000000000e+01 6.185902653426664406e-03 2.340897108288947023e-03
2.300000000000000000e+01 2.209250947652380021e-03 4.243172079589845698e-04
2.400000000000000000e+01 2.999930234180600303e-03 7.720559531560771847e-04
2.500000000000000000e+01 1.002302272040185051e-02 4.071998069707165671e-03
2.600000000000000000e+01 3.046440780446966253e-03 7.315337888086421341e-04
2.700000000000000000e+01 7.069603032487616588e-03 2.174905594496818941e-03
2.800000000000000000e+01 2.906909141647868837e-03 4.555025266046829730e-04
2.900000000000000000e+01 2.627845864049673137e-03 4.582042217886221147e-04
3.000000000000000000e+01 6.464965931024860106e-03 2.393703925168860856e-03
3.100000000000000000e+01 8.232366689146763603e-03 2.231477254246989287e-03
3.200000000000000000e+01 4.418501895304760042e-03 1.473198270298463298e-03
3.300000000000000000e+01 5.790563010162554265e-03 2.242351131451798298e-03
3.400000000000000000e+01 5.488244459431176024e-03 1.324769601273109807e-03
3.500000000000000000e+01 2.674356410316039087e-03 5.354143472720792642e-04
3.600000000000000000e+01 7.511453222018092679e-03 2.469757394870628325e-03
3.700000000000000000e+01 4.744075719169321692e-03 5.535729704487352652e-04
3.800000000000000000e+01 3.255738238645612703e-04 8.627933857741460443e-05
