1.000000000000000000e+00 2.337154949884886340e-02 6.156909361935324065e-03
2.000000000000000000e+00 1.737168903048766366e-02 3.483473681007126510e-03
3.000000000000000000e+00 1.372061114857794049e-02 1.525071997559233374e-03
4.000000000000000000e+00 4.439431641124624850e-02 5.620726962662572421e-03
5.000000000000000000e+00 2.872026231948094158e-02 2.880792883967370731e-03
6.000000000000000000e+00 3.618520499523266570e-02 4.151708708051957825e-03
7.000000000000000000e+00 2.902258087021232155e-02 4.357261260909962332e-03
8.000000000000000000e+00 7.720750680216739714e-02 1.253895903409006814e-02
9.000000000000000000e+00 9.476523801772052114e-02 1.413895203853922367e-02
1.000000000000000000e+01 1.198111671821585483e-01 1.625316680660521956e-02
1.100000000000000000e+01 1.293458291667635707e-01 1.326722824117816321e-02
1.200000000000000000e+01 1.606241715308946438e-01 1.501637150293591225e-02
1.300000000000000000e+01 1.235785214297341894e-01 2.471705678295362668e-02
1.400000000000000000e+01 1.490663007837026988e-01 2.737275155938136140e-02
1.500000000000000000e+01 1.622520406502174495e-01 1.420152395732026535e-02
1.600000000000000000e+01 1.512988070044882782e-01 1.371325011379567402e-02
1.700000000000000000e+01 1.291830422548312929e-01 1.470076914295016628e-02
1.800000000000000000e+01 1.894839654891746772e-01 2.768013856278522811e-02
1.900000000000000000e+01 6.802167391456012679e-02 6.338605488492824944e-03
2.000000000000000000e+01 6.841701355782423000e-02 7.447828471485789734e-03
2.100000000000000000e+01 5.753354573149461332e-02 5.672086414471941805e-03
2.200000000000000000e+01 4.462686914257808085e-02 3.534413641939888103e-03
2.300000000000000000e+01 1.115090346736122423e-01 1.211488074491550403e-02
2.400000000000000000e+01 5.685914281063231268e-02 9.375290163637918853e-03
2.500000000000000000e+01 5.113834561986930344e-02 3.814373325867078789e-03
2.600000000000000000e+01 9.078858631194623718e-02 6.820095480369225277e-03
2.700000000000000000e+01 1.015790330457431168e-01 1.211725941553803802e-02
2.800000000000000000e+01 6.088230506267296172e-02 8.302212976222845403e-03
2.900000000000000000e+01 4.953373177367968033e-02 4.688394192583272488e-03
3.000000000000000000e+01 4.765005464989185979e-02 3.814241118760792765e-03
3.100000000000000000e+01 5.820794865235692089e-02 5.288629551917328232e-03
3.200000000000000000e+01 9.788144461756703718e-02 7.303705072164590022e-03
3.300000000000000000e+01 7.478895839631637121e-02 7.608459634658224120e-03
3.400000000000000000e+01 9.932327155182438250e-02 1.829562765966506049e-02
3.500000000000000000e+01 6.230087672379711755e-02 6.427379248036512761e-03
3.600000000000000000e+01 5.246389618846073605e-02 5.453072343058655916e-03
3.700000000000000000e+01 1.614846166368223979e-01 1.589970869741792747e-02
3.800000000000000000e+01 0.000000000000000000e+00 0.000000000000000000e+00
