1.0000 0.0234 0.0062
2.0000 0.0174 0.0035
3.0000 0.0137 0.0015
4.0000 0.0444 0.0056
5.0000 0.0287 0.0029
6.0000 0.0362 0.0042
7.0000 0.0290 0.0044
8.0000 0.0772 0.0125
9.0000 0.0948 0.0141
10.0000 0.1198 0.0163
11.0000 0.1293 0.0133
12.0000 0.1606 0.0150
13.0000 0.1236 0.0247
14.0000 0.1491 0.0274
15.0000 0.1623 0.0142
16.0000 0.1513 0.0137
17.0000 0.1292 0.0147
18.0000 0.1895 0.0277
19.0000 0.0680 0.0063
20.0000 0.0684 0.0074
21.0000 0.0575 0.0057
22.0000 0.0446 0.0035
23.0000 0.1115 0.0121
24.0000 0.0569 0.0094
25.0000 0.0511 0.0038
26.0000 0.0908 0.0068
27.0000 0.1016 0.0121
28.0000 0.0609 0.0083
29.0000 0.0495 0.0047
30.0000 0.0477 0.0038
31.0000 0.0582 0.0053
32.0000 0.0979 0.0073
33.0000 0.0748 0.0076
34.0000 0.0993 0.0183
35.0000 0.0623 0.0064
36.0000 0.0525 0.0055
37.0000 0.1615 0.0159
38.0000 0.0000 0.0000
