1.000000000000000000e+00 0.000000000000000000e+00 0.000000000000000000e+00
2.000000000000000000e+00 2.092974581986465309e-04 1.096974220260331015e-04
3.000000000000000000e+00 2.325527313318295059e-04 1.137873744070026750e-04
4.000000000000000000e+00 1.289039789772330746e-01 1.571753045161206758e-02
5.000000000000000000e+00 1.746936117764703034e-01 2.499410026010764202e-02
6.000000000000000000e+00 1.980419060021859912e-01 2.693327556391730132e-02
7.000000000000000000e+00 2.086928210971837894e-01 2.442796251853540310e-02
8.000000000000000000e+00 2.266691472291341991e-01 2.424818670714146487e-02
9.000000000000000000e+00 2.858305620799516111e-01 2.051681295504155164e-02
1.000000000000000000e+01 2.567847259366061174e-01 2.231819728683296505e-02
1.100000000000000000e+01 2.123206437059603213e-01 2.532117255658281052e-02
1.200000000000000000e+01 2.332503895258249693e-01 2.296824313495724260e-02
1.300000000000000000e+01 2.164135717774005319e-01 1.462518067708727838e-02
1.400000000000000000e+01 3.037371223925025010e-01 2.106885100013260528e-02
1.500000000000000000e+01 3.091323457594009616e-01 3.231834892426202477e-02
1.600000000000000000e+01 2.757842840864165868e-01 3.447963539938910665e-02
1.700000000000000000e+01 2.450175577312155573e-01 5.179705796346096430e-02
1.800000000000000000e+01 2.395758238180507316e-01 5.098547983094054575e-02
1.900000000000000000e+01 2.662728773749447608e-01 4.962505818727376561e-02
2.000000000000000000e+01 2.874816864724076271e-01 3.343377920420890353e-02
2.100000000000000000e+01 2.726448222134368882e-01 3.076594140195597696e-02
2.200000000000000000e+01 2.284830585335224651e-01 2.696343091874494127e-02
2.300000000000000000e+01 1.853677821446012841e-01 2.167250883829840991e-02
2.400000000000000000e+01 1.281132996907048682e-01 1.886531602865719817e-02
2.500000000000000000e+01 1.333922466919373884e-01 2.047821588619769262e-02
2.600000000000000000e+01 1.213460152089486238e-01 2.021342605996121269e-02
2.700000000000000000e+01 1.418571661124159999e-01 1.979478132633697915e-02
2.800000000000000000e+01 1.949256994023394751e-01 2.805038542996794726e-02
2.900000000000000000e+01 2.669472802958070545e-01 2.558504857910590125e-02
3.000000000000000000e+01 2.293667589125834294e-01 2.478455696760484619e-02
3.100000000000000000e+01 1.448803516197297858e-01 1.133284282995671716e-02
3.200000000000000000e+01 1.235320108834678243e-01 1.009988630579436095e-02
3.300000000000000000e+01 7.678891188577009752e-02 1.048144424909044047e-02
3.400000000000000000e+01 1.172530871375084272e-01 1.099505342928700294e-02
3.500000000000000000e+01 1.077416804260366012e-01 1.006678226520473993e-02
3.600000000000000000e+01 8.425385456152181818e-02 7.780392802325809647e-03
3.700000000000000000e+01 0.000000000000000000e+00 0.000000000000000000e+00
3.800000000000000000e+01 0.000000000000000000e+00 0.000000000000000000e+00
