1.501234007545884930e-01
1.544920711469177366e-01
7.477802048168843974e-02
1.622932682760772349e-01
1.504921846188761458e-01
1.077699923406427868e-01
1.509744404414059826e-01
7.526027630421831816e-02
8.964284701143229728e-03
3.104025417718645485e-01
2.572976653144591896e-01
3.627982184902556195e-01
7.945873875918413320e-02
6.596124932626026283e-01
8.348699327678646420e-02
7.173129840288218206e-01
3.691242801622649505e-01
2.234830217582480794e-01
5.892031431732432795e-02
9.077756659385548960e-03
2.661484780573601938e-01
3.582593401605628225e-01
4.882698363167001232e-01
4.297183058636634967e-01
4.592493829962270846e-01
4.040736433008991213e-01
0.000000000000000000e+00
6.192590281126778562e-01
7.111713142889565242e-01
5.897846869592349162e-01
5.425519843408698195e-01
6.065785367790983429e-01
7.466029332501203930e-01
