1.0000 0.0544 0.0068
2.0000 0.0687 0.0116
3.0000 0.0717 0.0069
4.0000 0.1385 0.0181
5.0000 0.1403 0.0183
6.0000 0.1100 0.0109
7.0000 0.1151 0.0143
8.0000 0.1322 0.0168
9.0000 0.1793 0.0204
10.0000 0.1756 0.0174
11.0000 0.1972 0.0196
12.0000 0.2728 0.0403
13.0000 0.1858 0.0274
14.0000 0.1628 0.0185
15.0000 0.2549 0.0226
16.0000 0.2473 0.0232
17.0000 0.1437 0.0098
18.0000 0.1441 0.0104
19.0000 0.1220 0.0151
20.0000 0.1288 0.0149
21.0000 0.1738 0.0193
22.0000 0.1529 0.0173
23.0000 0.2013 0.0185
24.0000 0.1728 0.0183
25.0000 0.1856 0.0223
26.0000 0.2351 0.0362
27.0000 0.1878 0.0218
28.0000 0.1782 0.0334
29.0000 0.1978 0.0349
30.0000 0.1810 0.0212
31.0000 0.1663 0.0202
32.0000 0.2069 0.0239
33.0000 0.1569 0.0193
34.0000 0.1602 0.0185
35.0000 0.1746 0.0198
36.0000 0.1734 0.0168
37.0000 0.2274 0.0176
38.0000 0.1190 0.0110
