1.000000000000000000e+00 0.000000000000000000e+00 0.000000000000000000e+00
2.000000000000000000e+00 5.136661395979218170e-02 1.839011388747440953e-02
3.000000000000000000e+00 9.866726903094646950e-02 2.936686856955951844e-02
4.000000000000000000e+00 2.760334312175288102e-02 2.074382566728867963e-02
5.000000000000000000e+00 2.258866049243279809e-04 1.613429804923187665e-04
6.000000000000000000e+00 5.873051728032528153e-04 2.532683208114293034e-04
7.000000000000000000e+00 1.192681274000451791e-02 3.365172765580758986e-03
8.000000000000000000e+00 1.287553648068669523e-02 3.894654587693300272e-03
9.000000000000000000e+00 2.069121301106844474e-02 4.997244682013177348e-03
1.000000000000000000e+01 7.395527445222498109e-02 1.599911501698227448e-02
1.100000000000000000e+01 7.255477750169414541e-02 1.528476411568461743e-02
1.200000000000000000e+01 4.160831262706121692e-02 5.786431783686200002e-03
1.300000000000000000e+01 1.671560876440027210e-02 5.310579252477549451e-03
1.400000000000000000e+01 2.182064603569008193e-02 4.367693436716472630e-03
1.500000000000000000e+01 8.321662525412243383e-02 3.033984115652635719e-02
1.600000000000000000e+01 7.494917551389203292e-02 1.556359084932854714e-02
1.700000000000000000e+01 1.114072735486785620e-01 2.377159691128049798e-02
1.800000000000000000e+01 3.681951660266546272e-02 5.490450718761967497e-03
1.900000000000000000e+01 1.007454257962502910e-02 2.052378032835077640e-03
2.000000000000000000e+01 1.301106844364129274e-02 3.092644501176511178e-03
2.100000000000000000e+01 4.883668398463970883e-02 1.091266680345693955e-02
2.200000000000000000e+01 2.981703185001129477e-02 5.023062647512858449e-03
2.300000000000000000e+01 3.139823808448159032e-02 6.615133831283882479e-03
2.400000000000000000e+01 2.010390783826519062e-02 4.523651960869413610e-03
2.500000000000000000e+01 3.031398238084481722e-02 8.783020485880702749e-03
2.600000000000000000e+01 1.088773435735260892e-01 1.871963951161842790e-02
2.700000000000000000e+01 5.936299977411339801e-02 2.119618539932023940e-02
2.800000000000000000e+01 2.191100067765981360e-02 3.573811506563575897e-03
2.900000000000000000e+01 1.382426022136887256e-02 1.780756906179164784e-03
3.000000000000000000e+01 4.617122204653264367e-02 1.378245845970702162e-02
3.100000000000000000e+01 5.208945109555003505e-02 1.725358180509027964e-02
3.200000000000000000e+01 9.541450192003614328e-02 2.445118704099936632e-02
3.300000000000000000e+01 3.921391461486333635e-02 7.900218696515306019e-03
3.400000000000000000e+01 2.873277614637452168e-02 4.501620785161416366e-03
3.500000000000000000e+01 7.887960243957532758e-02 2.024635758707374680e-02
3.600000000000000000e+01 4.608086740456290853e-02 1.022659649981710883e-02
3.700000000000000000e+01 1.034560650553422237e-02 2.959487277436812034e-03
3.800000000000000000e+01 0.000000000000000000e+00 0.000000000000000000e+00
