1.000000000000000000e+00 2.354543133528126664e-03 5.010644435118588157e-04
2.000000000000000000e+00 4.822558225298573427e-03 2.079569045194180291e-03
3.000000000000000000e+00 2.354543133528126664e-03 6.848566866854732035e-04
4.000000000000000000e+00 2.921902924739723691e-03 7.525682144822130317e-04
5.000000000000000000e+00 2.269439164846387348e-04 8.939451825656462151e-05
6.000000000000000000e+00 9.077756659385549393e-04 2.168119582055209188e-04
7.000000000000000000e+00 8.510396868173951879e-05 4.911627867859437669e-05
8.000000000000000000e+00 8.794076763779751314e-04 2.662355002960807419e-04
9.000000000000000000e+00 1.702079373634790430e-03 2.974879712132982943e-04
1.000000000000000000e+01 2.808430966497404459e-03 4.565821470091499436e-04
1.100000000000000000e+01 9.560012481915406563e-03 1.484094826584571227e-03
1.200000000000000000e+01 6.354429661569884792e-03 1.609100451797375146e-03
1.300000000000000000e+01 6.723213525857422296e-03 4.142277501810314420e-03
1.400000000000000000e+01 1.401378684292644249e-02 3.404897441006594569e-03
1.500000000000000000e+01 9.758588408839466086e-03 3.412208964519784261e-03
1.600000000000000000e+01 7.177101358826700091e-03 2.419520465488672872e-03
1.700000000000000000e+01 1.758815352755950263e-03 4.995041974596868464e-04
1.800000000000000000e+01 3.347422768148421244e-03 5.116803468840133012e-04
1.900000000000000000e+01 2.411279112649286713e-03 4.285488006587554453e-04
2.000000000000000000e+01 8.794076763779751314e-04 2.372782037277926660e-04
2.100000000000000000e+01 4.709086267056253328e-03 7.518180582011771852e-04
2.200000000000000000e+01 4.028254517602337936e-03 6.330076839234536701e-04
2.300000000000000000e+01 2.014127258801168968e-03 7.263436321509880852e-04
2.400000000000000000e+01 2.155967206604068008e-03 5.627749540813843611e-04
2.500000000000000000e+01 1.191455561544353453e-03 3.504105451392393062e-04
2.600000000000000000e+01 6.014013786842926229e-03 3.725161242203628084e-03
2.700000000000000000e+01 5.361550026949589778e-03 1.246176498218251475e-03
2.800000000000000000e+01 9.560012481915406563e-03 2.829646957102057662e-03
2.900000000000000000e+01 2.751694987376244843e-03 6.494980103434246652e-04
3.000000000000000000e+01 2.609855039573345369e-03 7.964460380624669399e-04
3.100000000000000000e+01 1.069473206433860062e-02 3.178606587774959399e-03
3.200000000000000000e+01 1.077983603302034004e-03 3.229389936795747031e-04
3.300000000000000000e+01 6.467901619812204024e-03 1.585248076082313232e-03
3.400000000000000000e+01 3.347422768148421244e-03 6.385440903356068374e-04
3.500000000000000000e+01 8.226716972568154720e-03 1.578408025254841515e-03
3.600000000000000000e+01 1.307764318742730622e-02 5.767116201211137244e-03
3.700000000000000000e+01 1.449604266545629835e-02 8.097928914076554796e-03
3.800000000000000000e+01 7.205469348387279899e-03 1.319842894806011078e-03
