1.000000000000000000e+00 3.930426925683306802e-03 8.126711469833794053e-04
2.000000000000000000e+00 1.463745199909645238e-02 5.119908412786635873e-03
3.000000000000000000e+00 7.002484752654167081e-03 1.543917576565309504e-03
4.000000000000000000e+00 7.318725999548226190e-03 1.331180065470422653e-03
5.000000000000000000e+00 4.833973345380618292e-03 1.512518837913845102e-03
6.000000000000000000e+00 4.743618703410887490e-03 1.016447753657654047e-03
7.000000000000000000e+00 1.210752202394397951e-02 6.608611272419804943e-03
8.000000000000000000e+00 3.523831036819516458e-03 7.193396920142326387e-04
9.000000000000000000e+00 8.131917777275806877e-03 1.421929243608564038e-03
1.000000000000000000e+01 1.481816128303591398e-02 2.951708450928097749e-03
1.100000000000000000e+01 1.721255929523379108e-02 2.437303781515902813e-03
1.200000000000000000e+01 1.987802123334086318e-02 4.842902531779197557e-03
1.300000000000000000e+01 1.743844590015812199e-02 7.669720028233606955e-03
1.400000000000000000e+01 2.855206686243505487e-02 5.727187739224944181e-03
1.500000000000000000e+01 1.892929749265868586e-02 5.632784488700730112e-03
1.600000000000000000e+01 1.400496950530833416e-02 4.440867538950596209e-03
1.700000000000000000e+01 4.427377456516828381e-03 9.344881436551042255e-04
1.800000000000000000e+01 9.713124011746102418e-03 1.247149465158002958e-03
1.900000000000000000e+01 8.583690987124461755e-03 1.528274044414911024e-03
2.000000000000000000e+01 4.201490851592500075e-03 9.821567806717983445e-04
2.100000000000000000e+01 1.278518183871696356e-02 1.645355230006336714e-03
2.200000000000000000e+01 1.066184775242827974e-02 1.688309156140671823e-03
2.300000000000000000e+01 6.686243505760108841e-03 1.264525316337630420e-03
2.400000000000000000e+01 6.505534221820646369e-03 1.228470421939878605e-03
2.500000000000000000e+01 6.144115653941721426e-03 1.096029880284806086e-03
2.600000000000000000e+01 1.888412017167381829e-02 1.181222625685326814e-02
2.700000000000000000e+01 1.680596340637000030e-02 3.707509227029517906e-03
2.800000000000000000e+01 2.258866049243279939e-02 5.353739526732410881e-03
2.900000000000000000e+01 1.034560650553422063e-02 1.542594817636238876e-03
3.000000000000000000e+01 8.493336345154731820e-03 1.862293706308567080e-03
3.100000000000000000e+01 3.835554551615089069e-02 1.160391111240045153e-02
3.200000000000000000e+01 6.460356900835780534e-03 1.761405363287892349e-03
3.300000000000000000e+01 1.838716964084029584e-02 6.053504106863251237e-03
3.400000000000000000e+01 1.034560650553422063e-02 1.615453266168370315e-03
3.500000000000000000e+01 1.951660266546193651e-02 3.040808769249752318e-03
3.600000000000000000e+01 2.620284617122204882e-02 6.663375447479747728e-03
3.700000000000000000e+01 2.977185452902643067e-02 1.184602867981184547e-02
3.800000000000000000e+01 1.197199006098938201e-02 2.115369631249388021e-03
