1.000000000000000000e+00 3.749717641743843897e-03 7.979680460011987549e-04
2.000000000000000000e+00 7.680144567427152000e-03 3.311808828196975262e-03
3.000000000000000000e+00 3.749717641743843897e-03 1.090665600286858626e-03
4.000000000000000000e+00 4.653264061441156688e-03 1.198499305566410288e-03
5.000000000000000000e+00 3.614185678789247802e-04 1.423648594109852962e-04
6.000000000000000000e+00 1.445674271515699121e-03 3.452829608630141327e-04
7.000000000000000000e+00 1.355319629545967723e-04 7.821992047432258150e-05
8.000000000000000000e+00 1.400496950530833503e-03 4.239922123757462096e-04
9.000000000000000000e+00 2.710639259091935770e-03 4.737632018631117133e-04
1.000000000000000000e+01 4.472554777501694216e-03 7.271279541097603206e-04
1.100000000000000000e+01 1.522475717189970476e-02 2.363488896857136694e-03
1.200000000000000000e+01 1.011971990060989320e-02 2.562566073020522851e-03
1.300000000000000000e+01 1.070702507341314558e-02 6.596766397845736825e-03
1.400000000000000000e+01 2.231759656652360438e-02 5.422454921749421744e-03
1.500000000000000000e+01 1.554099841879376560e-02 5.434098857388159655e-03
1.600000000000000000e+01 1.142986220917099546e-02 3.853197015086568759e-03
1.700000000000000000e+01 2.800993901061667006e-03 7.954832827942814140e-04
1.800000000000000000e+01 5.330923876214139871e-03 8.148743577144049090e-04
1.900000000000000000e+01 3.840072283713576000e-03 6.824835677443771235e-04
2.000000000000000000e+01 1.400496950530833503e-03 3.778763930250020006e-04
2.100000000000000000e+01 7.499435283487687794e-03 1.197304647375184005e-03
2.200000000000000000e+01 6.415179579850915567e-03 1.008093691709314012e-03
2.300000000000000000e+01 3.207589789925457784e-03 1.156735458638106107e-03
2.400000000000000000e+01 3.433476394849785222e-03 8.962448568476566631e-04
2.500000000000000000e+01 1.897447481364355083e-03 5.580448216265336808e-04
2.600000000000000000e+01 9.577592048791506649e-03 5.932489674674501154e-03
2.700000000000000000e+01 8.538513666139597655e-03 1.984593076064675166e-03
2.800000000000000000e+01 1.522475717189970476e-02 4.506342213002242567e-03
2.900000000000000000e+01 4.382200135531963414e-03 1.034355290834247133e-03
3.000000000000000000e+01 4.156313530607634241e-03 1.268376746679016022e-03
3.100000000000000000e+01 1.703185001129433121e-02 5.062076386973349620e-03
3.200000000000000000e+01 1.716738197424892611e-03 5.142951193222809053e-04
3.300000000000000000e+01 1.030042918454935653e-02 2.524580073638022122e-03
3.400000000000000000e+01 5.330923876214139871e-03 1.016910672167177596e-03
3.500000000000000000e+01 1.310142308561102441e-02 2.513686979817411887e-03
3.600000000000000000e+01 2.082674497402303704e-02 9.184396350074262166e-03
3.700000000000000000e+01 2.308561102326631836e-02 1.289632221143494940e-02
3.800000000000000000e+01 1.147503953015586130e-02 2.101910182281757199e-03
