0.000000000000000000e+00
0.000000000000000000e+00
0.000000000000000000e+00
0.000000000000000000e+00
0.000000000000000000e+00
0.000000000000000000e+00
0.000000000000000000e+00
7.526027630421831816e-02
8.964284701143229728e-03
0.000000000000000000e+00
0.000000000000000000e+00
0.000000000000000000e+00
2.051005645229922458e-02
0.000000000000000000e+00
2.453831096990156252e-02
0.000000000000000000e+00
0.000000000000000000e+00
0.000000000000000000e+00
5.892031431732432795e-02
9.077756659385548960e-03
0.000000000000000000e+00
0.000000000000000000e+00
0.000000000000000000e+00
0.000000000000000000e+00
0.000000000000000000e+00
0.000000000000000000e+00
0.000000000000000000e+00
0.000000000000000000e+00
0.000000000000000000e+00
0.000000000000000000e+00
0.000000000000000000e+00
0.000000000000000000e+00
0.000000000000000000e+00
