1.000000000000000000e+00 1.134719582423193674e-04 5.666272822503971211e-05
2.000000000000000000e+00 4.368670392329295632e-03 1.527653986404723871e-03
3.000000000000000000e+00 2.042495248361748776e-03 4.906091063139436832e-04
4.000000000000000000e+00 1.673711384074210622e-03 4.243839770404053604e-04
5.000000000000000000e+00 2.808430966497404459e-03 9.497616583466349412e-04
6.000000000000000000e+00 2.070863237922328584e-03 6.844899909153668357e-04
7.000000000000000000e+00 7.517517233553657786e-03 4.152584809422717183e-03
8.000000000000000000e+00 1.333295509347252493e-03 3.426757613246209891e-04
9.000000000000000000e+00 3.404158747269580860e-03 7.220523541680466065e-04
1.000000000000000000e+01 6.496269609372783832e-03 1.765760793585630702e-03
1.100000000000000000e+01 1.248191540665513069e-03 2.744078047926506027e-04
1.200000000000000000e+01 6.127485745085245461e-03 2.382941096141722153e-03
1.300000000000000000e+01 4.226830444526396592e-03 2.530227773351921908e-03
1.400000000000000000e+01 3.914782559360017837e-03 7.056630047596515855e-04
1.500000000000000000e+01 2.127599217043488200e-03 5.610083410296427776e-04
1.600000000000000000e+01 1.616975404953051006e-03 4.004801520547316947e-04
1.700000000000000000e+01 1.021247624180874388e-03 2.158878463676824292e-04
1.800000000000000000e+01 2.751694987376244843e-03 4.993803468618638903e-04
1.900000000000000000e+01 2.978638903860883307e-03 8.433766944916693160e-04
2.000000000000000000e+01 1.758815352755950263e-03 5.708003113216148601e-04
2.100000000000000000e+01 3.319054778587841436e-03 6.559735889383733459e-04
2.200000000000000000e+01 2.666591018694504985e-03 6.247595981523623981e-04
2.300000000000000000e+01 2.184335196164647816e-03 4.235224520833724346e-04
2.400000000000000000e+01 1.929023290119429327e-03 4.492724067496358894e-04
2.500000000000000000e+01 2.666591018694504985e-03 5.747894648543260682e-04
2.600000000000000000e+01 5.843805849479447381e-03 3.790951458842004625e-03
2.700000000000000000e+01 5.191342089586110931e-03 1.334490448431300364e-03
2.800000000000000000e+01 4.623982298374513904e-03 9.461356980359563688e-04
2.900000000000000000e+01 3.744574621996538989e-03 6.702765036958770314e-04
3.000000000000000000e+01 2.723326997815664601e-03 6.341652813540987754e-04
3.100000000000000000e+01 1.338969107259368498e-02 3.902848921384038071e-03
3.200000000000000000e+01 2.978638903860883307e-03 1.043859158314307907e-03
3.300000000000000000e+01 5.077870131343791699e-03 2.755452871001653863e-03
3.400000000000000000e+01 3.148846841224362588e-03 7.641789458916820521e-04
3.500000000000000000e+01 4.028254517602337936e-03 7.348622378352615480e-04
3.600000000000000000e+01 3.375790757709001052e-03 6.271125018359775946e-04
3.700000000000000000e+01 4.198462454965816784e-03 6.250706888298830297e-04
3.800000000000000000e+01 3.120478851663782672e-04 1.164792289990363886e-04
