1.501234007545884930e-01
1.544920711469177366e-01
7.477802048168843974e-02
1.622932682760772349e-01
1.504921846188761458e-01
1.077699923406427868e-01
1.509744404414059826e-01
0.000000000000000000e+00
0.000000000000000000e+00
3.104025417718645485e-01
2.572976653144591896e-01
3.038495361833707387e-01
0.000000000000000000e+00
6.006638109557177474e-01
0.000000000000000000e+00
6.583643017219369398e-01
3.101755978553800142e-01
2.234830217582480794e-01
0.000000000000000000e+00
0.000000000000000000e+00
2.215823664576892504e-01
3.136932285608918791e-01
4.437037247170291798e-01
3.851521942639925533e-01
4.146832713965561412e-01
3.595075317012281779e-01
0.000000000000000000e+00
5.575160988340758239e-01
6.494283850103544919e-01
5.280417576806328839e-01
4.808090550622677872e-01
5.448356075004963106e-01
6.848600039715183607e-01
