3.219199455334600390e-01
3.427420498709256580e-01
3.985986213157073355e-01
3.461462086181952280e-01
3.243595926356699355e-01
3.009560012481915514e-01
4.163286147910697510e-01
3.953079345266801159e-01
4.347961759950072502e-01
4.685540835720972686e-01
5.030779268673228888e-01
5.256872145471050972e-01
5.237298232674250098e-01
5.308785566366911457e-01
5.267935661399676395e-01
5.150208504723270408e-01
5.258290544949079104e-01
4.861138691100961862e-01
4.514198178775070125e-01
4.553062324473064471e-01
4.693767552693540734e-01
4.543700887918073472e-01
4.427959490510907647e-01
4.357890556296275530e-01
4.353919037757794097e-01
4.438455646648322150e-01
4.394768942725029159e-01
5.289495333465716875e-01
5.150775864514481883e-01
4.966951292161924658e-01
4.858301892144903933e-01
4.929789225837564737e-01
5.115599557459362678e-01
