1.0000 0.0505 0.0089
2.0000 0.0681 0.0115
3.0000 0.0912 0.0183
4.0000 0.1013 0.0190
5.0000 0.1115 0.0149
6.0000 0.1154 0.0151
7.0000 0.0937 0.0123
8.0000 0.1091 0.0137
9.0000 0.1375 0.0166
10.0000 0.1565 0.0237
11.0000 0.1645 0.0237
12.0000 0.1806 0.0194
13.0000 0.1287 0.0171
14.0000 0.1240 0.0162
15.0000 0.1776 0.0168
16.0000 0.1294 0.0137
17.0000 0.0957 0.0079
18.0000 0.0965 0.0083
19.0000 0.0664 0.0067
20.0000 0.0733 0.0065
21.0000 0.1011 0.0081
22.0000 0.0858 0.0072
23.0000 0.1403 0.0141
24.0000 0.0868 0.0113
25.0000 0.0893 0.0085
26.0000 0.1054 0.0094
27.0000 0.1127 0.0085
28.0000 0.0770 0.0072
29.0000 0.1057 0.0092
30.0000 0.1403 0.0135
31.0000 0.1360 0.0176
32.0000 0.1609 0.0161
33.0000 0.1158 0.0126
34.0000 0.1243 0.0234
35.0000 0.1415 0.0165
36.0000 0.1339 0.0169
37.0000 0.1702 0.0178
38.0000 0.1092 0.0151
