0.036 0.029 0.022 0.023 0.008 0.005 0.016 0.011 0.008 0.011 0.011 0.003 0.002 0.006 0.005 0.001 0.003 0.003 0.001 0.001 0.001 0.002 0.004 0.002 0.002 0.002 0.003 0.007 0.007 0.008 0.002 0.005 0.003 0.003 0.005 0.005 0.008 0.004
0.029 0.059 0.037 0.035 0.018 0.025 0.043 0.029 0.014 0.017 0.017 0.007 0.005 0.015 0.014 0.002 0.004 0.003 0.001 0.002 0.002 0.003 0.006 0.003 0.004 0.005 0.005 0.009 0.010 0.008 0.004 0.018 0.007 0.002 0.011 0.011 0.016 0.011
0.022 0.037 0.064 0.046 0.033 0.031 0.027 0.018 0.007 0.008 0.007 0.004 0.003 0.008 0.010 0.001 0.002 0.001 0.001 0.001 0.001 0.001 0.003 0.002 0.002 0.003 0.002 0.005 0.006 0.005 0.015 0.017 0.007 0.014 0.023 0.021 0.025 0.018
0.023 0.035 0.046 0.089 0.058 0.031 0.034 0.031 0.024 0.019 0.015 0.011 0.005 0.007 0.012 0.004 0.010 0.008 0.007 0.006 0.005 0.004 0.008 0.004 0.004 0.005 0.006 0.009 0.010 0.010 0.022 0.013 0.009 0.020 0.025 0.018 0.030 0.021
0.008 0.018 0.033 0.058 0.089 0.053 0.032 0.035 0.025 0.019 0.017 0.013 0.005 0.004 0.014 0.004 0.009 0.010 0.007 0.006 0.008 0.004 0.020 0.013 0.012 0.014 0.013 0.007 0.010 0.013 0.023 0.021 0.009 0.019 0.023 0.022 0.029 0.019
0.005 0.025 0.031 0.031 0.053 0.087 0.044 0.037 0.020 0.017 0.015 0.013 0.008 0.016 0.018 0.004 0.004 0.006 0.003 0.003 0.006 0.004 0.021 0.015 0.012 0.016 0.013 0.002 0.003 0.006 0.017 0.029 0.007 0.013 0.028 0.030 0.034 0.024
0.016 0.043 0.027 0.034 0.032 0.044 0.068 0.049 0.025 0.023 0.021 0.012 0.007 0.016 0.017 0.004 0.005 0.003 0.002 0.002 0.004 0.004 0.008 0.004 0.005 0.006 0.008 0.008 0.010 0.009 0.004 0.020 0.007 0.002 0.013 0.014 0.022 0.016
0.011 0.029 0.018 0.031 0.035 0.037 0.049 0.084 0.048 0.037 0.037 0.024 0.013 0.019 0.030 0.006 0.010 0.011 0.007 0.008 0.011 0.006 0.015 0.005 0.006 0.010 0.012 0.009 0.013 0.015 0.009 0.018 0.007 0.007 0.019 0.020 0.030 0.019
0.008 0.014 0.007 0.024 0.025 0.020 0.025 0.048 0.108 0.080 0.069 0.058 0.042 0.034 0.047 0.015 0.015 0.015 0.009 0.010 0.012 0.008 0.018 0.006 0.008 0.012 0.017 0.008 0.023 0.025 0.012 0.021 0.012 0.010 0.011 0.011 0.018 0.008
0.011 0.017 0.008 0.019 0.019 0.017 0.023 0.037 0.080 0.135 0.104 0.091 0.056 0.043 0.051 0.028 0.015 0.017 0.006 0.010 0.019 0.011 0.025 0.013 0.014 0.018 0.022 0.014 0.027 0.037 0.012 0.022 0.013 0.009 0.010 0.010 0.017 0.006
0.011 0.017 0.007 0.015 0.017 0.015 0.021 0.037 0.069 0.104 0.145 0.099 0.065 0.047 0.056 0.026 0.017 0.018 0.008 0.010 0.020 0.012 0.021 0.012 0.013 0.020 0.026 0.019 0.031 0.041 0.017 0.026 0.016 0.013 0.015 0.013 0.019 0.005
0.003 0.007 0.004 0.011 0.013 0.013 0.012 0.024 0.058 0.091 0.099 0.156 0.078 0.054 0.081 0.047 0.031 0.024 0.011 0.013 0.034 0.016 0.040 0.018 0.019 0.030 0.040 0.015 0.029 0.050 0.027 0.045 0.025 0.017 0.019 0.017 0.023 0.007
0.002 0.005 0.003 0.005 0.005 0.008 0.007 0.013 0.042 0.056 0.065 0.078 0.099 0.063 0.065 0.032 0.021 0.014 0.006 0.006 0.013 0.008 0.017 0.009 0.012 0.015 0.018 0.008 0.019 0.023 0.017 0.025 0.015 0.012 0.013 0.008 0.013 0.006
0.006 0.015 0.008 0.007 0.004 0.016 0.016 0.019 0.034 0.043 0.047 0.054 0.063 0.098 0.075 0.027 0.028 0.017 0.008 0.008 0.009 0.013 0.020 0.010 0.012 0.016 0.019 0.008 0.019 0.019 0.013 0.030 0.014 0.011 0.022 0.015 0.024 0.014
0.005 0.014 0.010 0.012 0.014 0.018 0.017 0.030 0.047 0.051 0.056 0.081 0.065 0.075 0.156 0.059 0.048 0.033 0.023 0.022 0.031 0.019 0.041 0.015 0.017 0.030 0.039 0.014 0.033 0.046 0.030 0.059 0.031 0.023 0.036 0.028 0.041 0.021
0.001 0.002 0.001 0.004 0.004 0.004 0.004 0.006 0.015 0.028 0.026 0.047 0.032 0.027 0.059 0.092 0.041 0.034 0.018 0.016 0.022 0.016 0.028 0.012 0.012 0.018 0.018 0.012 0.013 0.024 0.012 0.021 0.012 0.007 0.012 0.010 0.016 0.007
0.003 0.004 0.002 0.010 0.009 0.004 0.005 0.010 0.015 0.015 0.017 0.031 0.021 0.028 0.048 0.041 0.079 0.039 0.023 0.018 0.026 0.015 0.031 0.009 0.010 0.013 0.020 0.009 0.007 0.016 0.015 0.024 0.014 0.007 0.015 0.008 0.017 0.008
0.003 0.003 0.001 0.008 0.010 0.006 0.003 0.011 0.015 0.017 0.018 0.024 0.014 0.017 0.033 0.034 0.039 0.076 0.031 0.025 0.028 0.017 0.033 0.012 0.009 0.013 0.020 0.012 0.011 0.012 0.012 0.012 0.005 0.003 0.008 0.010 0.012 0.007
0.001 0.001 0.001 0.007 0.007 0.003 0.002 0.007 0.009 0.006 0.008 0.011 0.006 0.008 0.023 0.018 0.023 0.031 0.048 0.025 0.020 0.014 0.020 0.008 0.007 0.008 0.006 0.005 0.006 0.006 0.006 0.008 0.004 0.003 0.006 0.005 0.009 0.005
0.001 0.002 0.001 0.006 0.006 0.003 0.002 0.008 0.010 0.010 0.010 0.013 0.006 0.008 0.022 0.016 0.018 0.025 0.025 0.052 0.034 0.020 0.022 0.013 0.012 0.014 0.010 0.003 0.005 0.010 0.004 0.006 0.004 0.003 0.005 0.003 0.007 0.004
0.001 0.002 0.001 0.005 0.008 0.006 0.004 0.011 0.012 0.019 0.020 0.034 0.013 0.009 0.031 0.022 0.026 0.028 0.020 0.034 0.078 0.034 0.043 0.022 0.019 0.024 0.023 0.006 0.008 0.020 0.008 0.013 0.006 0.004 0.005 0.008 0.010 0.006
0.002 0.003 0.001 0.004 0.004 0.004 0.004 0.006 0.008 0.011 0.012 0.016 0.008 0.013 0.019 0.016 0.015 0.017 0.014 0.020 0.034 0.061 0.042 0.028 0.021 0.018 0.014 0.006 0.007 0.009 0.005 0.008 0.005 0.005 0.008 0.005 0.010 0.005
0.004 0.006 0.003 0.008 0.020 0.021 0.008 0.015 0.018 0.025 0.021 0.040 0.017 0.020 0.041 0.028 0.031 0.033 0.020 0.022 0.043 0.042 0.122 0.055 0.040 0.047 0.045 0.013 0.014 0.027 0.019 0.038 0.015 0.013 0.021 0.023 0.025 0.009
0.002 0.003 0.002 0.004 0.013 0.015 0.004 0.005 0.006 0.013 0.012 0.018 0.009 0.010 0.015 0.012 0.009 0.012 0.008 0.013 0.022 0.028 0.055 0.067 0.045 0.036 0.021 0.009 0.009 0.013 0.009 0.020 0.006 0.006 0.010 0.013 0.013 0.005
0.002 0.004 0.002 0.004 0.012 0.012 0.005 0.006 0.008 0.014 0.013 0.019 0.012 0.012 0.017 0.012 0.010 0.009 0.007 0.012 0.019 0.021 0.040 0.045 0.063 0.040 0.027 0.011 0.012 0.015 0.009 0.018 0.005 0.005 0.007 0.012 0.014 0.005
0.002 0.005 0.003 0.005 0.014 0.016 0.006 0.010 0.012 0.018 0.020 0.030 0.015 0.016 0.030 0.018 0.013 0.013 0.008 0.014 0.024 0.018 0.047 0.036 0.040 0.089 0.045 0.023 0.025 0.035 0.018 0.032 0.012 0.014 0.017 0.021 0.023 0.009
0.003 0.005 0.002 0.006 0.013 0.013 0.008 0.012 0.017 0.022 0.026 0.040 0.018 0.019 0.039 0.018 0.020 0.020 0.006 0.010 0.023 0.014 0.045 0.021 0.027 0.045 0.093 0.031 0.032 0.039 0.030 0.040 0.022 0.021 0.022 0.023 0.024 0.008
0.007 0.009 0.005 0.009 0.007 0.002 0.008 0.009 0.008 0.014 0.019 0.015 0.008 0.008 0.014 0.012 0.009 0.012 0.005 0.003 0.006 0.006 0.013 0.009 0.011 0.023 0.031 0.056 0.040 0.031 0.022 0.021 0.014 0.016 0.015 0.012 0.014 0.005
0.007 0.010 0.006 0.010 0.010 0.003 0.010 0.013 0.023 0.027 0.031 0.029 0.019 0.019 0.033 0.013 0.007 0.011 0.006 0.005 0.008 0.007 0.014 0.009 0.012 0.025 0.032 0.040 0.082 0.060 0.034 0.036 0.025 0.027 0.019 0.014 0.023 0.009
0.008 0.008 0.005 0.010 0.013 0.006 0.009 0.015 0.025 0.037 0.041 0.050 0.023 0.019 0.046 0.024 0.016 0.012 0.006 0.010 0.020 0.009 0.027 0.013 0.015 0.035 0.039 0.031 0.060 0.110 0.048 0.054 0.034 0.032 0.026 0.019 0.033 0.012
0.002 0.004 0.015 0.022 0.023 0.017 0.004 0.009 0.012 0.012 0.017 0.027 0.017 0.013 0.030 0.012 0.015 0.012 0.006 0.004 0.008 0.005 0.019 0.009 0.009 0.018 0.030 0.022 0.034 0.048 0.100 0.055 0.039 0.050 0.046 0.027 0.037 0.022
0.005 0.018 0.017 0.013 0.021 0.029 0.020 0.018 0.021 0.022 0.026 0.045 0.025 0.030 0.059 0.021 0.024 0.012 0.008 0.006 0.013 0.008 0.038 0.020 0.018 0.032 0.040 0.021 0.036 0.054 0.055 0.127 0.063 0.037 0.049 0.040 0.045 0.020
0.003 0.007 0.007 0.009 0.009 0.007 0.007 0.007 0.012 0.013 0.016 0.025 0.015 0.014 0.031 0.012 0.014 0.005 0.004 0.004 0.006 0.005 0.015 0.006 0.005 0.012 0.022 0.014 0.025 0.034 0.039 0.063 0.078 0.044 0.032 0.023 0.032 0.012
0.003 0.002 0.014 0.020 0.019 0.013 0.002 0.007 0.010 0.009 0.013 0.017 0.012 0.011 0.023 0.007 0.007 0.003 0.003 0.003 0.004 0.005 0.013 0.006 0.005 0.014 0.021 0.016 0.027 0.032 0.050 0.037 0.044 0.091 0.059 0.035 0.052 0.031
0.005 0.011 0.023 0.025 0.023 0.028 0.013 0.019 0.011 0.010 0.015 0.019 0.013 0.022 0.036 0.012 0.015 0.008 0.006 0.005 0.005 0.008 0.021 0.010 0.007 0.017 0.022 0.015 0.019 0.026 0.046 0.049 0.032 0.059 0.115 0.066 0.074 0.047
0.005 0.011 0.021 0.018 0.022 0.030 0.014 0.020 0.011 0.010 0.013 0.017 0.008 0.015 0.028 0.010 0.008 0.010 0.005 0.003 0.008 0.005 0.023 0.013 0.012 0.021 0.023 0.012 0.014 0.019 0.027 0.040 0.023 0.035 0.066 0.099 0.077 0.044
0.008 0.016 0.025 0.030 0.029 0.034 0.022 0.030 0.018 0.017 0.019 0.023 0.013 0.024 0.041 0.016 0.017 0.012 0.009 0.007 0.010 0.010 0.025 0.013 0.014 0.023 0.024 0.014 0.023 0.033 0.037 0.045 0.032 0.052 0.074 0.077 0.153 0.078
0.004 0.011 0.018 0.021 0.019 0.024 0.016 0.019 0.008 0.006 0.005 0.007 0.006 0.014 0.021 0.007 0.008 0.007 0.005 0.004 0.006 0.005 0.009 0.005 0.005 0.009 0.008 0.005 0.009 0.012 0.022 0.020 0.012 0.031 0.047 0.044 0.078 0.082
