1.000000000000000000e+00 0.000000000000000000e+00 0.000000000000000000e+00
2.000000000000000000e+00 8.057675996607293473e-03 3.225925983148614749e-03
3.000000000000000000e+00 5.183300348694750434e-04 2.493014840315934018e-04
4.000000000000000000e+00 2.733012911129959616e-03 2.297448735365649995e-03
5.000000000000000000e+00 0.000000000000000000e+00 0.000000000000000000e+00
6.000000000000000000e+00 2.261803788521345605e-03 1.294571347211328268e-03
7.000000000000000000e+00 9.311092262746206716e-02 1.588286026855055544e-02
8.000000000000000000e+00 5.489586278390349433e-02 1.787933917643472204e-02
9.000000000000000000e+00 1.222316464046743906e-01 1.192481931148648040e-02
1.000000000000000000e+01 9.165017434737536550e-02 1.401097540881653634e-02
1.100000000000000000e+01 1.090849118838940757e-01 8.510434855888558692e-03
1.200000000000000000e+01 1.095561210065026797e-01 1.646464703511370600e-02
1.300000000000000000e+01 1.993214588634436082e-02 3.225488393592364743e-03
1.400000000000000000e+01 1.456036188860616344e-02 2.232168401844451030e-03
1.500000000000000000e+01 1.157760814249363807e-01 2.016044659877606546e-02
1.600000000000000000e+01 1.012157195363302259e-01 1.705546326823494108e-02
1.700000000000000000e+01 1.742060126284044885e-01 1.723802560871290704e-02
1.800000000000000000e+01 5.923098671190274445e-02 1.109043702335463406e-02
1.900000000000000000e+01 3.322024314390726457e-02 6.140321383723428700e-03
2.000000000000000000e+01 3.468099142399396623e-02 4.721103611373513378e-03
2.100000000000000000e+01 2.398454434077843672e-02 6.891763458469316733e-03
2.200000000000000000e+01 4.080671001790594360e-02 1.000695072695311112e-02
2.300000000000000000e+01 1.270379794552822517e-01 1.601098563290439050e-02
2.400000000000000000e+01 6.328338516633681687e-02 1.768271800123222964e-02
2.500000000000000000e+01 7.685420789746490178e-02 1.784437910977667435e-02
2.600000000000000000e+01 1.646875883517104899e-01 2.910813690975693965e-02
2.700000000000000000e+01 9.070775610215814355e-02 2.469522227910718112e-02
2.800000000000000000e+01 7.850343982659503672e-02 1.189652837232546383e-02
2.900000000000000000e+01 7.167090754877014636e-02 1.310487043006994604e-02
3.000000000000000000e+01 8.161342003581188720e-02 1.314071020870954606e-02
3.100000000000000000e+01 1.438601451324097724e-01 1.087307304473737225e-02
3.200000000000000000e+01 1.197342380548487434e-01 1.577551807868292355e-02
3.300000000000000000e+01 5.918386579964188265e-02 9.364565118339497965e-03
3.400000000000000000e+01 8.623126943737630112e-02 1.471567221143054750e-02
3.500000000000000000e+01 5.706342474790312286e-02 1.091821004058404244e-02
3.600000000000000000e+01 2.398454434077843672e-02 5.114443594788852486e-03
3.700000000000000000e+01 6.125718593911978239e-03 3.300901430526648802e-03
3.800000000000000000e+01 0.000000000000000000e+00 0.000000000000000000e+00
