1.000000000000000000e+00 0.000000000000000000e+00 0.000000000000000000e+00
2.000000000000000000e+00 3.593899968006825096e-02 1.765746846151222335e-02
3.000000000000000000e+00 1.652980697451210358e-03 1.020793315886063708e-03
4.000000000000000000e+00 3.199317478937826597e-03 2.558931226532168857e-03
5.000000000000000000e+00 1.279726991575130726e-03 1.216116872874223364e-03
6.000000000000000000e+00 2.132878319291884543e-03 1.398324620896448673e-03
7.000000000000000000e+00 9.891223205716113964e-02 1.200884875847064992e-02
8.000000000000000000e+00 3.929828303295297004e-02 2.247550740581535575e-02
9.000000000000000000e+00 1.221606057374426818e-01 1.193825462150612145e-02
1.000000000000000000e+01 8.910099178841847378e-02 1.926449766055094576e-02
1.100000000000000000e+01 1.442358963421136731e-01 2.416005559359084634e-02
1.200000000000000000e+01 9.656606590594006556e-02 1.878794751556734158e-02
1.300000000000000000e+01 4.521702036898794796e-02 1.397690085784597178e-02
1.400000000000000000e+01 1.151754292417617523e-02 4.103500895902697891e-03
1.500000000000000000e+01 7.593046816679108191e-02 2.180685430166650826e-02
1.600000000000000000e+01 6.574597419217233230e-02 1.506072626710773868e-02
1.700000000000000000e+01 1.503145995520955569e-01 1.806640463906358449e-02
1.800000000000000000e+01 2.367494934413991517e-02 4.457238288637638615e-03
1.900000000000000000e+01 2.132878319291884456e-02 3.962697531093014452e-03
2.000000000000000000e+01 3.407273115068785302e-02 8.039568383515865307e-03
2.100000000000000000e+01 4.105790764636877560e-02 1.316804321956030997e-02
2.200000000000000000e+01 3.524581422629839006e-02 1.098851076273571828e-02
2.300000000000000000e+01 1.368241441825743809e-01 1.739433521463971954e-02
2.400000000000000000e+01 6.116028580569478346e-02 1.575244952151054825e-02
2.500000000000000000e+01 7.561053641889729782e-02 1.561120847665482467e-02
2.600000000000000000e+01 1.318118801322384626e-01 1.882669315789855732e-02
2.700000000000000000e+01 6.094699797376559869e-02 1.544533001525360411e-02
2.800000000000000000e+01 4.543030820091713967e-02 1.201202558885384845e-02
2.900000000000000000e+01 5.081582595712914874e-02 1.352974979787410249e-02
3.000000000000000000e+01 4.761650847819132171e-02 1.310606518793848776e-02
3.100000000000000000e+01 1.197077956702570084e-01 1.849706385403776174e-02
3.200000000000000000e+01 9.944545163698410850e-02 2.153362513796860250e-02
3.300000000000000000e+01 5.166897728484590169e-02 9.577464331388957017e-03
3.400000000000000000e+01 6.809214034339340638e-02 1.808819874084105148e-02
3.500000000000000000e+01 4.718993281433294523e-02 1.233242481124478991e-02
3.600000000000000000e+01 2.372827130212221483e-02 5.099218716445333595e-03
3.700000000000000000e+01 9.544630478831183165e-03 3.271782918374841875e-03
3.800000000000000000e+01 0.000000000000000000e+00 0.000000000000000000e+00
