1.000000000000000000e+00 1.334400854016546626e-03 3.139856748390479476e-04
2.000000000000000000e+00 5.930670462295762843e-05 4.196964265492644439e-05
3.000000000000000000e+00 4.062509266672596937e-03 9.038257036201147827e-04
4.000000000000000000e+00 4.774189722148088587e-03 1.642883929779720377e-03
5.000000000000000000e+00 3.261868754262669157e-04 1.288187850087331465e-04
6.000000000000000000e+00 3.499095572754499887e-03 1.887169644586333701e-03
7.000000000000000000e+00 8.896005693443644264e-05 5.135303336300194423e-05
8.000000000000000000e+00 4.892803131394004440e-03 2.520167697899076877e-03
9.000000000000000000e+00 3.943895857426681952e-03 7.656066166701908787e-04
1.000000000000000000e+01 4.448002846721821509e-03 7.244140662203697300e-04
1.100000000000000000e+01 7.354031373246745600e-03 1.053987103941394707e-03
1.200000000000000000e+01 7.680218248673012678e-03 1.470365110466620396e-03
1.300000000000000000e+01 4.121815971295555298e-03 1.382611611020642239e-03
1.400000000000000000e+01 3.943895857426681952e-03 7.288590342354846685e-04
1.500000000000000000e+01 4.003202562049639444e-03 1.729983942274586958e-03
1.600000000000000000e+01 1.601281024819855778e-03 4.363072168085747101e-04
1.700000000000000000e+01 1.630934377131334741e-03 5.028785607944989515e-04
1.800000000000000000e+01 3.617708982000415307e-03 7.151587788156122880e-04
1.900000000000000000e+01 2.342614832606826174e-03 4.403029282686021220e-04
2.000000000000000000e+01 1.601281024819855778e-03 6.376119725033176262e-04
2.100000000000000000e+01 3.914242505115203205e-03 7.702249158035371886e-04
2.200000000000000000e+01 3.854935800492245712e-03 7.551222126859193301e-04
2.300000000000000000e+01 1.364054206328025372e-03 5.367493841052738395e-04
2.400000000000000000e+01 2.579841651098656579e-03 8.956079336433062001e-04
2.500000000000000000e+01 8.302938647214067438e-04 2.711753998424548456e-04
2.600000000000000000e+01 1.186134092459152460e-03 3.716270688010978192e-04
2.700000000000000000e+01 2.164694718737953175e-02 1.812291971962284864e-02
2.800000000000000000e+01 3.706669038934851546e-03 1.192725153919196564e-03
2.900000000000000000e+01 4.210776028229991537e-03 8.092466485816442396e-04
3.000000000000000000e+01 2.609495003410135325e-03 5.698114386671354224e-04
3.100000000000000000e+01 3.499095572754499887e-03 6.004669968130044470e-04
3.200000000000000000e+01 8.599472170328855986e-04 2.591210224679940601e-04
3.300000000000000000e+01 3.914242505115203205e-03 7.748113411886564618e-04
3.400000000000000000e+01 1.779201138688728690e-03 3.550438110198001818e-04
3.500000000000000000e+01 1.651691723749369733e-02 5.783655714548412152e-03
3.600000000000000000e+01 3.024641935770839077e-03 9.458977135685425926e-04
3.700000000000000000e+01 2.520534946475699086e-03 4.606171706806102412e-04
3.800000000000000000e+01 7.472644782492660585e-03 1.496082570453578179e-03
