1.000000000000000000e+00 1.649231929130147954e-03 4.691342063227458463e-04
2.000000000000000000e+00 2.356045613043068429e-04 1.049128933689743659e-04
3.000000000000000000e+00 4.240882103477523063e-03 1.052268746430670828e-03
4.000000000000000000e+00 1.201583262651964926e-02 4.765838895920046156e-03
5.000000000000000000e+00 4.617849401564413925e-03 1.768154470848204039e-03
6.000000000000000000e+00 7.256620488172650825e-03 2.157813750903933830e-03
7.000000000000000000e+00 4.617849401564413925e-03 1.756422073678134445e-03
8.000000000000000000e+00 1.031947978512864038e-02 4.151397752681275193e-03
9.000000000000000000e+00 5.795872208085948302e-03 1.210185307351485532e-03
1.000000000000000000e+01 1.635095655451889590e-02 3.712506691467204641e-03
1.100000000000000000e+01 1.088493073225897667e-02 2.451606283723960829e-03
1.200000000000000000e+01 1.427763641504099443e-02 3.103051735048997263e-03
1.300000000000000000e+01 9.989633399302611308e-03 3.658989358812717897e-03
1.400000000000000000e+01 7.350862312694373540e-03 1.792115842191864582e-03
1.500000000000000000e+01 7.162378663650928109e-03 3.200425460462158218e-03
1.600000000000000000e+01 4.240882103477523063e-03 1.081861768912990070e-03
1.700000000000000000e+01 3.392705682782018624e-03 1.914084276762508668e-03
1.800000000000000000e+01 8.717368768259353348e-03 2.106549482684438521e-03
1.900000000000000000e+01 5.136179436433889293e-03 1.210185307351485532e-03
2.000000000000000000e+01 3.015738384695127762e-03 1.016811369542735665e-03
2.100000000000000000e+01 7.822071435302987985e-03 1.377281034734925604e-03
2.200000000000000000e+01 4.382244840260107570e-03 1.014811641955685236e-03
2.300000000000000000e+01 3.958156629912354917e-03 8.823609458597905580e-04
2.400000000000000000e+01 3.769672980868909486e-03 1.679581786353830011e-03
2.500000000000000000e+01 1.979078314956177458e-03 5.358655560393530770e-04
2.600000000000000000e+01 3.911035717651493993e-03 1.037524625355410422e-03
2.700000000000000000e+01 4.806333050607859356e-03 1.018793245234977116e-03
2.800000000000000000e+01 4.005277542173216708e-03 9.150638300230911964e-04
2.900000000000000000e+01 9.329940627650551432e-03 1.688761726853435291e-03
3.000000000000000000e+01 7.633587786259541687e-03 1.874776025344078488e-03
3.100000000000000000e+01 8.151917821129017055e-03 2.243641902394809696e-03
3.200000000000000000e+01 2.921496560173405047e-03 6.454508016982641932e-04
3.300000000000000000e+01 3.911035717651493993e-03 7.792965763020083536e-04
3.400000000000000000e+01 6.219960418433700955e-03 1.932438650096741277e-03
3.500000000000000000e+01 3.058147205729902854e-02 1.977283853773954478e-02
3.600000000000000000e+01 5.701630383564225586e-03 1.597159973278093874e-03
3.700000000000000000e+01 6.879653190085759963e-03 1.193545171185233806e-03
3.800000000000000000e+01 9.329940627650551432e-03 2.174221004121473181e-03
