1.000000000000000000e+00 3.100088573959255966e-03 8.818393380497175976e-04
2.000000000000000000e+00 4.428697962798936708e-04 1.972065033725751851e-04
3.000000000000000000e+00 7.971656333038085532e-03 1.977966991740628261e-03
4.000000000000000000e+00 2.258635961027457770e-02 8.958426310825084657e-03
5.000000000000000000e+00 8.680248007085914971e-03 3.323629245380033820e-03
6.000000000000000000e+00 1.364038972542072452e-02 4.056078248156180788e-03
7.000000000000000000e+00 8.680248007085914971e-03 3.301575664091883650e-03
8.000000000000000000e+00 1.939769707705934348e-02 7.803451116687512394e-03
9.000000000000000000e+00 1.089459698848538327e-02 2.274805366927654896e-03
1.000000000000000000e+01 3.073516386182462146e-02 6.978460319425776326e-03
1.100000000000000000e+01 2.046058458813108938e-02 4.608324938280770368e-03
1.200000000000000000e+01 2.683790965456155433e-02 5.832857743242676057e-03
1.300000000000000000e+01 1.877767936226749229e-02 6.877862902809875681e-03
1.400000000000000000e+01 1.381753764393268274e-02 3.368669831974822719e-03
1.500000000000000000e+01 1.346324180690876803e-02 6.015892747734979083e-03
1.600000000000000000e+01 7.971656333038085532e-03 2.033593486259652108e-03
1.700000000000000000e+01 6.377325066430469293e-03 3.597935918640740322e-03
1.800000000000000000e+01 1.638618246235606576e-02 3.959715954076984019e-03
1.900000000000000000e+01 9.654561558901682619e-03 2.274805366927654896e-03
2.000000000000000000e+01 5.668733392382638986e-03 1.911317173112128849e-03
2.100000000000000000e+01 1.470327723649247041e-02 2.588897973352044957e-03
2.200000000000000000e+01 8.237378210806022005e-03 1.907558252044601506e-03
2.300000000000000000e+01 7.440212577502213452e-03 1.658588484768509742e-03
2.400000000000000000e+01 7.085916740478298732e-03 3.157137703277323060e-03
2.500000000000000000e+01 3.720106288751106726e-03 1.007275361405416412e-03
2.600000000000000000e+01 7.351638618246235206e-03 1.950252223143712901e-03
2.700000000000000000e+01 9.034543844109829691e-03 1.915042537677297046e-03
2.800000000000000000e+01 7.528786536758193433e-03 1.720060637798940650e-03
2.900000000000000000e+01 1.753764393268378990e-02 3.174393389484818709e-03
3.000000000000000000e+01 1.434898139946855396e-02 3.524047547373961899e-03
3.100000000000000000e+01 1.532329495128432161e-02 4.217410846113609293e-03
3.200000000000000000e+01 5.491585473870681626e-03 1.213264562767100204e-03
3.300000000000000000e+01 7.351638618246235206e-03 1.464856682221542987e-03
3.400000000000000000e+01 1.169176262178919269e-02 3.632436938206646659e-03
3.500000000000000000e+01 5.748449955713019754e-02 3.716733210344629057e-02
3.600000000000000000e+01 1.071744906997342678e-02 3.002208056059141403e-03
3.700000000000000000e+01 1.293179805137289508e-02 2.243526627359878484e-03
3.800000000000000000e+01 1.753764393268378990e-02 4.086919233787945221e-03
