1.000000000000000000e+00 5.183300348694750434e-04 3.087629158716138152e-04
2.000000000000000000e+00 1.884836490434454851e-04 9.398075600928497810e-05
3.000000000000000000e+00 3.298463858260296125e-04 1.557410958776291716e-04
4.000000000000000000e+00 6.408444067477146386e-03 4.039988039247192735e-03
5.000000000000000000e+00 4.382244840260107570e-03 1.771170335877313455e-03
6.000000000000000000e+00 1.979078314956177458e-03 5.994409583236348779e-04
7.000000000000000000e+00 4.476486664781830285e-03 1.759075852556310840e-03
8.000000000000000000e+00 2.780133823390820973e-03 1.019631628248828621e-03
9.000000000000000000e+00 2.261803788521345605e-03 5.855983860167039527e-04
1.000000000000000000e+01 1.182734897747620383e-02 4.158552515332134859e-03
1.100000000000000000e+01 3.015738384695127762e-03 1.458570854475764629e-03
1.200000000000000000e+01 5.371783997738196516e-03 1.237760440693183410e-03
1.300000000000000000e+01 4.476486664781830285e-03 2.992093704554311083e-03
1.400000000000000000e+01 3.015738384695127762e-03 8.537791052295385557e-04
1.500000000000000000e+01 1.130901894260672802e-03 4.468071088343058997e-04
1.600000000000000000e+01 2.921496560173405047e-03 7.306813847421085670e-04
1.700000000000000000e+01 2.073320139477900174e-03 8.146980355349210190e-04
1.800000000000000000e+01 3.722552068608048128e-03 1.673373547872871771e-03
1.900000000000000000e+01 2.921496560173405047e-03 1.299541924070452079e-03
2.000000000000000000e+01 1.083780981999811445e-03 2.732335830714812384e-04
2.100000000000000000e+01 3.769672980868909486e-03 9.770238900028017492e-04
2.200000000000000000e+01 1.413627367825841166e-03 4.366880081054438510e-04
2.300000000000000000e+01 3.109980209216850477e-03 8.259463548054268292e-04
2.400000000000000000e+01 9.424182452172273714e-04 3.302336506916169964e-04
2.500000000000000000e+01 1.178022806521534160e-03 4.485781000114640493e-04
2.600000000000000000e+01 2.591650174347375542e-03 1.280834692358367262e-03
2.700000000000000000e+01 3.298463858260295908e-03 8.414406313193450483e-04
2.800000000000000000e+01 1.413627367825841166e-03 3.515093438259433143e-04
2.900000000000000000e+01 4.664970313825275716e-03 9.866584785752463387e-04
3.000000000000000000e+01 4.288003015738384854e-03 1.509625087951261191e-03
3.100000000000000000e+01 6.031476769390255524e-03 2.140397444826252268e-03
3.200000000000000000e+01 2.073320139477900174e-03 4.731260151440349346e-04
3.300000000000000000e+01 6.596927716520592250e-04 2.383049482021920844e-04
3.400000000000000000e+01 4.240882103477523063e-03 1.590550813147518323e-03
3.500000000000000000e+01 1.653944020356233960e-02 1.259959072141288682e-02
3.600000000000000000e+01 3.157101121477711835e-03 9.448452935482533430e-04
3.700000000000000000e+01 4.099519366694939423e-03 9.199061414743705872e-04
3.800000000000000000e+01 3.769672980868909703e-04 1.624472410479246474e-04
