1.000000000000000000e+00 2.125775022143489620e-03 5.777038241506765722e-04
2.000000000000000000e+00 8.857395925597873415e-05 8.873284381280123847e-05
3.000000000000000000e+00 7.351638618246235206e-03 1.887960664128373765e-03
4.000000000000000000e+00 1.054030115146146855e-02 5.139179130895884205e-03
5.000000000000000000e+00 4.428697962798936708e-04 2.338485800747167368e-04
6.000000000000000000e+00 9.920283436669619093e-03 3.882502743087648620e-03
7.000000000000000000e+00 2.657218777679362025e-04 1.532233593431226880e-04
8.000000000000000000e+00 1.417183348095659746e-02 7.441378749956878945e-03
9.000000000000000000e+00 6.643046944198404899e-03 1.883016573141269197e-03
1.000000000000000000e+01 8.503100088573958479e-03 1.885631127571082847e-03
1.100000000000000000e+01 1.479185119574844692e-02 3.704765097319380474e-03
1.200000000000000000e+01 1.674047829937998222e-02 4.060676058281844671e-03
1.300000000000000000e+01 1.036315323294951206e-02 3.982648911828032441e-03
1.400000000000000000e+01 8.148804251550043759e-03 2.383722909166018089e-03
1.500000000000000000e+01 1.133746678476527797e-02 5.801967410508060592e-03
1.600000000000000000e+01 2.480070859167404773e-03 1.014918649320244127e-03
1.700000000000000000e+01 2.480070859167404773e-03 1.215054714250539489e-03
1.800000000000000000e+01 9.388839681133746146e-03 2.395275670855132825e-03
1.900000000000000000e+01 4.162976085031000126e-03 8.689341033271761596e-04
2.000000000000000000e+01 3.631532329495128046e-03 1.738865960197096992e-03
2.100000000000000000e+01 7.617360496014170812e-03 1.223838891956819048e-03
2.200000000000000000e+01 5.580159433126660740e-03 1.533166623618264102e-03
2.300000000000000000e+01 1.594331266607617323e-03 6.682723231149852085e-04
2.400000000000000000e+01 5.314437555358724266e-03 3.119694858354499570e-03
2.500000000000000000e+01 1.505757307351638426e-03 5.870890105194030055e-04
2.600000000000000000e+01 2.480070859167404773e-03 7.308288452510009088e-04
2.700000000000000000e+01 2.834366696191319493e-03 1.009191610376996770e-03
2.800000000000000000e+01 4.871567759078830433e-03 1.344040425628150251e-03
2.900000000000000000e+01 8.768821966341894952e-03 1.967242243010141212e-03
3.000000000000000000e+01 6.288751107174490179e-03 2.065377330068791061e-03
3.100000000000000000e+01 3.985828166519042766e-03 1.051476151043715052e-03
3.200000000000000000e+01 1.594331266607617323e-03 5.551258469070739386e-04
3.300000000000000000e+01 6.111603188662532819e-03 1.389174053210958824e-03
3.400000000000000000e+01 3.720106288751106726e-03 1.022977071576812837e-03
3.500000000000000000e+01 2.639503985828166310e-02 9.874541630522594773e-03
3.600000000000000000e+01 4.782993799822852186e-03 2.148052590969576348e-03
3.700000000000000000e+01 5.225863596102746020e-03 1.416886943947103222e-03
3.800000000000000000e+01 1.682905225863596047e-02 3.992132368407654008e-03
