1.0000 0.0162 0.0037
2.0000 0.0262 0.0068
3.0000 0.0257 0.0078
4.0000 0.0465 0.0090
5.0000 0.0468 0.0092
6.0000 0.0554 0.0106
7.0000 0.0360 0.0079
8.0000 0.0510 0.0154
9.0000 0.0498 0.0061
10.0000 0.0715 0.0111
11.0000 0.0981 0.0196
12.0000 0.0907 0.0086
13.0000 0.0488 0.0102
14.0000 0.0568 0.0115
15.0000 0.1080 0.0132
16.0000 0.0486 0.0054
17.0000 0.0426 0.0034
18.0000 0.0502 0.0063
19.0000 0.0209 0.0031
20.0000 0.0233 0.0041
21.0000 0.0363 0.0040
22.0000 0.0247 0.0033
23.0000 0.0894 0.0087
24.0000 0.0342 0.0042
25.0000 0.0280 0.0035
26.0000 0.0554 0.0060
27.0000 0.0507 0.0054
28.0000 0.0217 0.0025
29.0000 0.0347 0.0049
30.0000 0.0585 0.0064
31.0000 0.0360 0.0048
32.0000 0.0797 0.0115
33.0000 0.0372 0.0051
34.0000 0.0438 0.0139
35.0000 0.0669 0.0123
36.0000 0.0466 0.0058
37.0000 0.1137 0.0121
38.0000 0.0000 0.0000
