1.000000000000000000e+00 1.616247290547544874e-02 3.668766638186638472e-03
2.000000000000000000e+00 2.615210630477806178e-02 6.798096469789747902e-03
3.000000000000000000e+00 2.568089718216944733e-02 7.839619203524314517e-03
4.000000000000000000e+00 4.650834040147017179e-02 9.042707899783244962e-03
5.000000000000000000e+00 4.679106587503534254e-02 9.236310395643935328e-03
6.000000000000000000e+00 5.536707190651211224e-02 1.057093940177120453e-02
7.000000000000000000e+00 3.595325605503722766e-02 7.933888682547723253e-03
8.000000000000000000e+00 5.103194797851286213e-02 1.541675124454947553e-02
9.000000000000000000e+00 4.980680425973046943e-02 6.132983816162818590e-03
1.000000000000000000e+01 7.148242389972669919e-02 1.109192986763806940e-02
1.100000000000000000e+01 9.810573932711337541e-02 1.957695361911514567e-02
1.200000000000000000e+01 9.070775610215814355e-02 8.609644424096379173e-03
1.300000000000000000e+01 4.881726510225237875e-02 1.018912165796181414e-02
1.400000000000000000e+01 5.682782018659881390e-02 1.152719232980789141e-02
1.500000000000000000e+01 1.080011309018942545e-01 1.315243891948682242e-02
1.600000000000000000e+01 4.862878145320893158e-02 5.449841223019371607e-03
1.700000000000000000e+01 4.264442559607953959e-02 3.415896875798252793e-03
1.800000000000000000e+01 5.023089247007821861e-02 6.337690081007055221e-03
1.900000000000000000e+01 2.087456413156158624e-02 3.117589769647696307e-03
2.000000000000000000e+01 2.327773065686551679e-02 4.147000573850381788e-03
2.100000000000000000e+01 3.633022335312411505e-02 4.047126893271355171e-03
2.200000000000000000e+01 2.473847893695221845e-02 3.264726161149862898e-03
2.300000000000000000e+01 8.938837055885401339e-02 8.662773445085508728e-03
2.400000000000000000e+01 3.420978230138535525e-02 4.193182419932740650e-03
2.500000000000000000e+01 2.803694279521251609e-02 3.527444541826035233e-03
2.600000000000000000e+01 5.541419281877297404e-02 5.974386703629666617e-03
2.700000000000000000e+01 5.070210159268683653e-02 5.371394807436122992e-03
2.800000000000000000e+01 2.167561963999622976e-02 2.539032720269182933e-03
2.900000000000000000e+01 3.472811233625482802e-02 4.884894121588806599e-03
3.000000000000000000e+01 5.852417302798982451e-02 6.392410135379249757e-03
3.100000000000000000e+01 3.604749787955895124e-02 4.806940918092087595e-03
3.200000000000000000e+01 7.972858354537744330e-02 1.153251630243844021e-02
3.300000000000000000e+01 3.722552068608048215e-02 5.094395196846976046e-03
3.400000000000000000e+01 4.382244840260107743e-02 1.392456130441799451e-02
3.500000000000000000e+01 6.686457449816228527e-02 1.232381235131030026e-02
3.600000000000000000e+01 4.664970313825275716e-02 5.765665459766920395e-03
3.700000000000000000e+01 1.137027612854584896e-01 1.214730261251535659e-02
3.800000000000000000e+01 0.000000000000000000e+00 0.000000000000000000e+00
