1.000000000000000000e+00 0.000000000000000000e+00 0.000000000000000000e+00
2.000000000000000000e+00 9.424182452172274256e-05 0.000000000000000000e+00
3.000000000000000000e+00 9.424182452172274256e-05 0.000000000000000000e+00
4.000000000000000000e+00 7.412119498633493175e-02 6.500154593124026631e-03
5.000000000000000000e+00 1.162001696352841368e-01 7.685186475812814597e-03
6.000000000000000000e+00 1.308076524361511672e-01 1.182558613436199106e-02
7.000000000000000000e+00 1.216661954575440630e-01 1.232842169671758380e-02
8.000000000000000000e+00 1.114880784091979993e-01 1.613706221038381516e-02
9.000000000000000000e+00 1.602111016869286475e-01 1.611056088111974607e-02
1.000000000000000000e+01 1.397135048534539625e-01 1.446210849432142363e-02
1.100000000000000000e+01 1.221845254924135288e-01 1.341305276889539697e-02
1.200000000000000000e+01 1.458392234473659399e-01 1.847540077525196625e-02
1.300000000000000000e+01 1.163415323720667222e-01 1.549642531547726354e-02
1.400000000000000000e+01 1.769861464517953065e-01 2.222424686148634365e-02
1.500000000000000000e+01 1.603053435114503711e-01 2.457737658889629778e-02
1.600000000000000000e+01 1.548864386014513206e-01 1.752830106727903264e-02
1.700000000000000000e+01 1.582791442842333418e-01 1.821046818227070943e-02
1.800000000000000000e+01 1.797191593629252626e-01 1.807869351592666582e-02
1.900000000000000000e+01 2.466308547733484235e-01 2.388962865573768940e-02
2.000000000000000000e+01 2.489397794741306236e-01 2.576565704436244164e-02
2.100000000000000000e+01 2.165205918386579886e-01 2.600452237733752794e-02
2.200000000000000000e+01 1.683158985957968201e-01 2.182956302250464026e-02
2.300000000000000000e+01 9.570257280180943793e-02 1.342738324486527322e-02
2.400000000000000000e+01 5.032513429459994220e-02 5.864057061017261333e-03
2.500000000000000000e+01 7.435679954763924071e-02 8.473066936439449873e-03
2.600000000000000000e+01 7.289605126755253905e-02 8.472239093834831730e-03
2.700000000000000000e+01 9.763453020450475750e-02 1.082449236244880167e-02
2.800000000000000000e+01 1.814626331165771489e-01 1.462393738366283592e-02
2.900000000000000000e+01 2.216567712750918961e-01 1.623879302986909468e-02
3.000000000000000000e+01 1.935255866553576565e-01 1.350007942350742521e-02
3.100000000000000000e+01 1.832061068702290074e-01 1.782831324562366218e-02
3.200000000000000000e+01 1.393836584676279300e-01 1.172812404820605843e-02
3.300000000000000000e+01 1.268023748939779427e-01 9.135998462852333926e-03
3.400000000000000000e+01 1.382527565733672470e-01 1.235565781395905373e-02
3.500000000000000000e+01 1.126661012157195302e-01 1.234706193669713077e-02
3.600000000000000000e+01 8.147205729902931570e-02 1.138021315989912012e-02
3.700000000000000000e+01 0.000000000000000000e+00 0.000000000000000000e+00
3.800000000000000000e+01 0.000000000000000000e+00 0.000000000000000000e+00
