1.0000 0.1038 0.0130
2.0000 0.1456 0.0246
3.0000 0.1284 0.0151
4.0000 0.1706 0.0161
5.0000 0.1552 0.0153
6.0000 0.1513 0.0149
7.0000 0.1860 0.0242
8.0000 0.2174 0.0248
9.0000 0.2379 0.0255
10.0000 0.2283 0.0231
11.0000 0.2730 0.0209
12.0000 0.2819 0.0286
13.0000 0.1683 0.0180
14.0000 0.2229 0.0191
15.0000 0.2994 0.0289
16.0000 0.2246 0.0188
17.0000 0.1640 0.0136
18.0000 0.1815 0.0141
19.0000 0.1459 0.0147
20.0000 0.1188 0.0134
21.0000 0.1602 0.0168
22.0000 0.1651 0.0178
23.0000 0.2357 0.0181
24.0000 0.1802 0.0159
25.0000 0.1836 0.0161
26.0000 0.2372 0.0162
27.0000 0.2266 0.0157
28.0000 0.1589 0.0124
29.0000 0.1981 0.0154
30.0000 0.2391 0.0193
31.0000 0.2139 0.0155
32.0000 0.1997 0.0158
33.0000 0.1468 0.0132
34.0000 0.1661 0.0142
35.0000 0.1762 0.0140
36.0000 0.1532 0.0138
37.0000 0.2195 0.0159
38.0000 0.1115 0.0110
