0.069 0.056 0.023 0.039 0.017 0.016 0.042 0.038 0.033 0.034 0.024 0.021 0.007 0.007 0.013 0.005 0.004 0.004 0.006 0.004 0.001 0.004 0.012 0.008 0.009 0.010 0.009 0.003 0.010 0.011 0.007 0.013 0.011 0.010 0.005 0.006 0.008 0.004
0.056 0.129 0.061 0.084 0.053 0.035 0.087 0.097 0.060 0.059 0.070 0.058 0.013 0.013 0.045 0.020 0.007 0.006 0.009 0.009 0.003 0.006 0.022 0.014 0.016 0.042 0.023 0.005 0.042 0.043 0.013 0.023 0.016 0.015 0.008 0.007 0.020 0.007
0.023 0.061 0.074 0.055 0.047 0.019 0.027 0.048 0.016 0.015 0.039 0.040 0.005 0.007 0.035 0.010 0.002 0.003 0.004 0.003 0.002 0.003 0.009 0.004 0.005 0.033 0.011 0.003 0.032 0.032 0.007 0.015 0.007 0.008 0.006 0.005 0.015 0.004
0.039 0.084 0.055 0.148 0.099 0.037 0.072 0.095 0.070 0.061 0.080 0.073 0.023 0.023 0.049 0.020 0.011 0.010 0.012 0.011 0.006 0.010 0.026 0.016 0.016 0.047 0.029 0.014 0.047 0.048 0.021 0.032 0.019 0.021 0.022 0.019 0.035 0.013
0.017 0.053 0.047 0.099 0.126 0.049 0.047 0.077 0.049 0.041 0.071 0.065 0.020 0.021 0.048 0.019 0.012 0.011 0.016 0.014 0.009 0.010 0.030 0.018 0.018 0.045 0.026 0.014 0.043 0.045 0.019 0.028 0.016 0.020 0.022 0.020 0.036 0.013
0.016 0.035 0.019 0.037 0.049 0.097 0.068 0.055 0.052 0.052 0.055 0.036 0.019 0.019 0.021 0.020 0.016 0.009 0.021 0.019 0.008 0.007 0.033 0.018 0.018 0.021 0.023 0.008 0.012 0.019 0.011 0.013 0.012 0.016 0.014 0.011 0.015 0.007
0.042 0.087 0.027 0.072 0.047 0.068 0.134 0.107 0.090 0.084 0.077 0.055 0.023 0.020 0.030 0.022 0.016 0.009 0.017 0.017 0.007 0.008 0.033 0.020 0.020 0.026 0.029 0.010 0.021 0.029 0.015 0.020 0.018 0.020 0.013 0.013 0.020 0.009
0.038 0.097 0.048 0.095 0.077 0.055 0.107 0.182 0.110 0.101 0.117 0.092 0.030 0.023 0.061 0.027 0.018 0.015 0.018 0.016 0.010 0.013 0.035 0.025 0.025 0.048 0.027 0.018 0.046 0.056 0.027 0.044 0.028 0.031 0.025 0.021 0.035 0.014
0.033 0.060 0.016 0.070 0.049 0.052 0.090 0.110 0.168 0.126 0.091 0.077 0.041 0.027 0.027 0.027 0.023 0.013 0.024 0.021 0.011 0.012 0.040 0.020 0.021 0.027 0.038 0.023 0.023 0.032 0.029 0.033 0.026 0.032 0.030 0.027 0.032 0.018
0.034 0.059 0.015 0.061 0.041 0.052 0.084 0.101 0.126 0.194 0.127 0.092 0.052 0.039 0.048 0.036 0.029 0.017 0.023 0.021 0.013 0.014 0.041 0.025 0.026 0.033 0.039 0.029 0.025 0.038 0.037 0.045 0.029 0.034 0.033 0.029 0.039 0.019
0.024 0.070 0.039 0.080 0.071 0.055 0.077 0.117 0.091 0.127 0.238 0.156 0.079 0.067 0.099 0.053 0.038 0.026 0.028 0.023 0.018 0.022 0.048 0.026 0.025 0.057 0.042 0.030 0.060 0.079 0.044 0.059 0.031 0.038 0.036 0.029 0.054 0.022
0.021 0.058 0.040 0.073 0.065 0.036 0.055 0.092 0.077 0.092 0.156 0.242 0.104 0.087 0.126 0.081 0.045 0.033 0.030 0.015 0.025 0.028 0.057 0.032 0.030 0.075 0.058 0.038 0.082 0.095 0.050 0.059 0.034 0.039 0.045 0.033 0.064 0.027
0.007 0.013 0.005 0.023 0.020 0.019 0.023 0.030 0.041 0.052 0.079 0.104 0.130 0.078 0.067 0.039 0.023 0.014 0.009 0.005 0.007 0.010 0.021 0.010 0.012 0.017 0.031 0.031 0.025 0.039 0.041 0.031 0.020 0.025 0.033 0.023 0.037 0.018
0.007 0.013 0.007 0.023 0.021 0.019 0.020 0.023 0.027 0.039 0.067 0.087 0.078 0.160 0.105 0.055 0.045 0.041 0.022 0.013 0.028 0.029 0.044 0.028 0.028 0.040 0.046 0.036 0.045 0.064 0.052 0.036 0.028 0.032 0.032 0.028 0.050 0.017
0.013 0.045 0.035 0.049 0.048 0.021 0.030 0.061 0.027 0.048 0.099 0.126 0.067 0.105 0.255 0.119 0.068 0.074 0.044 0.025 0.054 0.054 0.092 0.071 0.073 0.115 0.091 0.041 0.092 0.115 0.060 0.058 0.040 0.046 0.045 0.035 0.071 0.025
0.005 0.020 0.010 0.020 0.019 0.020 0.022 0.027 0.027 0.036 0.053 0.081 0.039 0.055 0.119 0.176 0.082 0.072 0.049 0.026 0.046 0.036 0.073 0.045 0.042 0.067 0.056 0.028 0.042 0.056 0.044 0.033 0.024 0.028 0.030 0.019 0.045 0.016
0.004 0.007 0.002 0.011 0.012 0.016 0.016 0.018 0.023 0.029 0.038 0.045 0.023 0.045 0.068 0.082 0.125 0.078 0.055 0.032 0.036 0.025 0.043 0.019 0.019 0.031 0.031 0.023 0.016 0.025 0.033 0.021 0.019 0.021 0.020 0.017 0.029 0.009
0.004 0.006 0.003 0.010 0.011 0.009 0.009 0.015 0.013 0.017 0.026 0.033 0.014 0.041 0.074 0.072 0.078 0.148 0.065 0.041 0.055 0.048 0.067 0.042 0.040 0.045 0.033 0.022 0.019 0.027 0.032 0.019 0.016 0.018 0.017 0.013 0.033 0.009
0.006 0.009 0.004 0.012 0.016 0.021 0.017 0.018 0.024 0.023 0.028 0.030 0.009 0.022 0.044 0.049 0.055 0.065 0.112 0.062 0.054 0.040 0.058 0.032 0.032 0.039 0.043 0.011 0.015 0.025 0.017 0.014 0.012 0.014 0.015 0.009 0.020 0.008
0.004 0.009 0.003 0.011 0.014 0.019 0.017 0.016 0.021 0.021 0.023 0.015 0.005 0.013 0.025 0.026 0.032 0.041 0.062 0.082 0.054 0.034 0.046 0.025 0.029 0.032 0.031 0.008 0.008 0.017 0.007 0.006 0.008 0.010 0.010 0.007 0.014 0.004
0.001 0.003 0.002 0.006 0.009 0.008 0.007 0.010 0.011 0.013 0.018 0.025 0.007 0.028 0.054 0.046 0.036 0.055 0.054 0.054 0.123 0.073 0.082 0.059 0.053 0.056 0.051 0.016 0.028 0.042 0.024 0.015 0.015 0.020 0.016 0.013 0.029 0.007
0.004 0.006 0.003 0.010 0.010 0.007 0.008 0.013 0.012 0.014 0.022 0.028 0.010 0.029 0.054 0.036 0.025 0.048 0.040 0.034 0.073 0.127 0.102 0.071 0.064 0.061 0.049 0.014 0.030 0.046 0.019 0.017 0.011 0.016 0.012 0.011 0.027 0.009
0.012 0.022 0.009 0.026 0.030 0.033 0.033 0.035 0.040 0.041 0.048 0.057 0.021 0.044 0.092 0.073 0.043 0.067 0.058 0.046 0.082 0.102 0.209 0.123 0.105 0.104 0.085 0.032 0.045 0.070 0.043 0.031 0.023 0.028 0.026 0.022 0.045 0.016
0.008 0.014 0.004 0.016 0.018 0.018 0.020 0.025 0.020 0.025 0.026 0.032 0.010 0.028 0.071 0.045 0.019 0.042 0.032 0.025 0.059 0.071 0.123 0.143 0.111 0.086 0.065 0.022 0.039 0.051 0.025 0.021 0.016 0.021 0.020 0.015 0.031 0.008
0.009 0.016 0.005 0.016 0.018 0.018 0.020 0.025 0.021 0.026 0.025 0.030 0.012 0.028 0.073 0.042 0.019 0.040 0.032 0.029 0.053 0.064 0.105 0.111 0.149 0.109 0.084 0.028 0.042 0.056 0.023 0.020 0.014 0.021 0.019 0.015 0.029 0.010
0.010 0.042 0.033 0.047 0.045 0.021 0.026 0.048 0.027 0.033 0.057 0.075 0.017 0.040 0.115 0.067 0.031 0.045 0.039 0.032 0.056 0.061 0.104 0.086 0.109 0.203 0.117 0.042 0.084 0.109 0.043 0.040 0.025 0.033 0.031 0.023 0.053 0.020
0.009 0.023 0.011 0.029 0.026 0.023 0.029 0.027 0.038 0.039 0.042 0.058 0.031 0.046 0.091 0.056 0.031 0.033 0.043 0.031 0.051 0.049 0.085 0.065 0.084 0.117 0.184 0.056 0.071 0.096 0.057 0.044 0.030 0.038 0.040 0.029 0.056 0.020
0.003 0.005 0.003 0.014 0.014 0.008 0.010 0.018 0.023 0.029 0.030 0.038 0.031 0.036 0.041 0.028 0.023 0.022 0.011 0.008 0.016 0.014 0.032 0.022 0.028 0.042 0.056 0.109 0.049 0.053 0.066 0.040 0.022 0.027 0.031 0.022 0.043 0.016
0.010 0.042 0.032 0.047 0.043 0.012 0.021 0.046 0.023 0.025 0.060 0.082 0.025 0.045 0.092 0.042 0.016 0.019 0.015 0.008 0.028 0.030 0.045 0.039 0.042 0.084 0.071 0.049 0.153 0.120 0.046 0.053 0.032 0.032 0.034 0.026 0.057 0.023
0.011 0.043 0.032 0.048 0.045 0.019 0.029 0.056 0.032 0.038 0.079 0.095 0.039 0.064 0.115 0.056 0.025 0.027 0.025 0.017 0.042 0.046 0.070 0.051 0.056 0.109 0.096 0.053 0.120 0.207 0.094 0.084 0.045 0.050 0.044 0.038 0.076 0.029
0.007 0.013 0.007 0.021 0.019 0.011 0.015 0.027 0.029 0.037 0.044 0.050 0.041 0.052 0.060 0.044 0.033 0.032 0.017 0.007 0.024 0.019 0.043 0.025 0.023 0.043 0.057 0.066 0.046 0.094 0.154 0.089 0.054 0.057 0.052 0.038 0.065 0.025
0.013 0.023 0.015 0.032 0.028 0.013 0.020 0.044 0.033 0.045 0.059 0.059 0.031 0.036 0.058 0.033 0.021 0.019 0.014 0.006 0.015 0.017 0.031 0.021 0.020 0.040 0.044 0.040 0.053 0.084 0.089 0.159 0.088 0.080 0.061 0.044 0.062 0.026
0.011 0.016 0.007 0.019 0.016 0.012 0.018 0.028 0.026 0.029 0.031 0.034 0.020 0.028 0.040 0.024 0.019 0.016 0.012 0.008 0.015 0.011 0.023 0.016 0.014 0.025 0.030 0.022 0.032 0.045 0.054 0.088 0.113 0.093 0.055 0.042 0.053 0.022
0.010 0.015 0.008 0.021 0.020 0.016 0.020 0.031 0.032 0.034 0.038 0.039 0.025 0.032 0.046 0.028 0.021 0.018 0.014 0.010 0.020 0.016 0.028 0.021 0.021 0.033 0.038 0.027 0.032 0.050 0.057 0.080 0.093 0.133 0.074 0.060 0.071 0.031
0.005 0.008 0.006 0.022 0.022 0.014 0.013 0.025 0.030 0.033 0.036 0.045 0.033 0.032 0.045 0.030 0.020 0.017 0.015 0.010 0.016 0.012 0.026 0.020 0.019 0.031 0.040 0.031 0.034 0.044 0.052 0.061 0.055 0.074 0.128 0.068 0.081 0.039
0.006 0.007 0.005 0.019 0.020 0.011 0.013 0.021 0.027 0.029 0.029 0.033 0.023 0.028 0.035 0.019 0.017 0.013 0.009 0.007 0.013 0.011 0.022 0.015 0.015 0.023 0.029 0.022 0.026 0.038 0.038 0.044 0.042 0.060 0.068 0.110 0.081 0.044
0.008 0.020 0.015 0.035 0.036 0.015 0.020 0.035 0.032 0.039 0.054 0.064 0.037 0.050 0.071 0.045 0.029 0.033 0.020 0.014 0.029 0.027 0.045 0.031 0.029 0.053 0.056 0.043 0.057 0.076 0.065 0.062 0.053 0.071 0.081 0.081 0.194 0.081
0.004 0.007 0.004 0.013 0.013 0.007 0.009 0.014 0.018 0.019 0.022 0.027 0.018 0.017 0.025 0.016 0.009 0.009 0.008 0.004 0.007 0.009 0.016 0.008 0.010 0.020 0.020 0.016 0.023 0.029 0.025 0.026 0.022 0.031 0.039 0.044 0.081 0.084
