1.000000000000000000e+00 0.000000000000000000e+00 0.000000000000000000e+00
2.000000000000000000e+00 1.361620384756631608e-02 3.397471411179826296e-03
3.000000000000000000e+00 4.180909065227830963e-03 1.714136667611693360e-03
4.000000000000000000e+00 1.525466821096641045e-03 5.653736551222618683e-04
5.000000000000000000e+00 1.694963134551823473e-04 9.513827448532048237e-05
6.000000000000000000e+00 1.412469278793186363e-04 8.017673323434334500e-05
7.000000000000000000e+00 2.661092121246362921e-02 1.159682901185920927e-02
8.000000000000000000e+00 2.327749371451171001e-02 9.231731318760047836e-03
9.000000000000000000e+00 9.536992570411594039e-02 1.718435041873642502e-02
1.000000000000000000e+01 9.754512839345744202e-02 1.654761679767883381e-02
1.100000000000000000e+01 1.525749314952399849e-01 2.412553043721191864e-02
1.200000000000000000e+01 4.048136953021271717e-02 5.140093301879787753e-03
1.300000000000000000e+01 2.104579225401847359e-02 5.689871293692263209e-03
1.400000000000000000e+01 3.457724794485719788e-02 7.095057984478762500e-03
1.500000000000000000e+01 2.074352382835673303e-01 2.427632339294355165e-02
1.600000000000000000e+01 1.431396367129015024e-01 1.167311263157482654e-02
1.700000000000000000e+01 1.576033221277437224e-01 1.188447551384963843e-02
1.800000000000000000e+01 9.997457555298172593e-02 1.363729463364947957e-02
1.900000000000000000e+01 2.584818780191530663e-02 1.872911469733351498e-03
2.000000000000000000e+01 1.093251221785926201e-02 1.943257858749490455e-03
2.100000000000000000e+01 2.370123449814966546e-02 6.287592053660848168e-03
2.200000000000000000e+01 7.308116048475946092e-02 1.129599301567464111e-02
2.300000000000000000e+01 1.535636599903952015e-01 1.788597526341150282e-02
2.400000000000000000e+01 1.288454476115144520e-01 1.876145834784768637e-02
2.500000000000000000e+01 1.414446735783496667e-01 1.772794110928629929e-02
2.600000000000000000e+01 2.197237210090680626e-01 2.168764532693101196e-02
2.700000000000000000e+01 2.217859261561060946e-01 2.344094626103786910e-02
2.800000000000000000e+01 3.443600101697787824e-02 8.327159971392708235e-03
2.900000000000000000e+01 2.570694087403599046e-02 8.499460539809185547e-03
3.000000000000000000e+01 2.785389417780163163e-02 6.824684247013467972e-03
3.100000000000000000e+01 1.103138506737478403e-01 3.126002687287258303e-02
3.200000000000000000e+01 6.245939150823469344e-02 1.395052992399743209e-02
3.300000000000000000e+01 4.457753043871295895e-02 1.337550582970931101e-02
3.400000000000000000e+01 5.528404757196531127e-02 1.535879929759756575e-02
3.500000000000000000e+01 7.466312607700782700e-02 1.796454553419853800e-02
3.600000000000000000e+01 5.260035594225825895e-02 6.824206606881965884e-03
3.700000000000000000e+01 8.277069973728071878e-03 1.754130374632317368e-03
3.800000000000000000e+01 0.000000000000000000e+00 0.000000000000000000e+00
