1.000000000000000000e+00 0.000000000000000000e+00 0.000000000000000000e+00
2.000000000000000000e+00 1.847443100657080242e-02 4.596316055557702132e-03
3.000000000000000000e+00 9.808589658127796554e-03 4.353651001007569944e-03
4.000000000000000000e+00 1.047519283877726025e-03 4.938523050745318539e-04
5.000000000000000000e+00 0.000000000000000000e+00 0.000000000000000000e+00
6.000000000000000000e+00 2.856870774211979968e-04 1.220628616920155229e-04
7.000000000000000000e+00 2.314065327111703568e-02 1.267233015435389326e-02
8.000000000000000000e+00 1.923626321302733186e-02 9.819430896635630845e-03
9.000000000000000000e+00 9.256261308446814273e-02 2.204404466170890170e-02
1.000000000000000000e+01 1.118941053233025451e-01 2.844617269913158122e-02
1.100000000000000000e+01 1.324635748976288052e-01 2.974159933139414527e-02
1.200000000000000000e+01 5.485191886487001539e-02 1.004756211442201820e-02
1.300000000000000000e+01 1.599847633558708696e-02 5.353639157973886890e-03
1.400000000000000000e+01 4.704313874869060080e-02 5.800889107314741340e-03
1.500000000000000000e+01 2.726407008856299163e-01 3.528526264243470045e-02
1.600000000000000000e+01 1.769355299495286027e-01 2.676316785473498161e-02
1.700000000000000000e+01 1.967431673173983542e-01 2.596677402123761386e-02
1.800000000000000000e+01 1.214170079040091388e-01 2.133049913264560907e-02
1.900000000000000000e+01 4.380535187125035590e-02 3.924268649386054332e-03
2.000000000000000000e+01 1.885534710979906714e-02 4.756730174214535839e-03
2.100000000000000000e+01 2.628321112275021354e-02 5.585946536557017186e-03
2.200000000000000000e+01 9.713360632320731936e-02 2.075337797770968398e-02
2.300000000000000000e+01 1.818874392914960614e-01 3.572423072169211150e-02
2.400000000000000000e+01 1.518902961622702608e-01 3.189330753331220264e-02
2.500000000000000000e+01 1.688410627559280008e-01 3.002258939187896908e-02
2.600000000000000000e+01 2.445481382725454844e-01 2.703980557154465197e-02
2.700000000000000000e+01 2.449290543757737248e-01 4.610711203076055253e-02
2.800000000000000000e+01 3.399676221312256108e-02 5.606250210031613751e-03
2.900000000000000000e+01 2.447385963241596046e-02 5.743773851096077056e-03
3.000000000000000000e+01 2.685458527759260888e-02 5.306549666786659555e-03
3.100000000000000000e+01 9.960956099419103482e-02 2.980927756975725734e-02
3.200000000000000000e+01 6.770783734882392102e-02 1.533136275225099703e-02
3.300000000000000000e+01 4.428149700028568420e-02 1.440306027810255712e-02
3.400000000000000000e+01 6.342253118750594554e-02 1.828457579967818561e-02
3.500000000000000000e+01 9.313398723931054501e-02 3.106479600215274195e-02
3.600000000000000000e+01 5.894676697457384984e-02 8.160357022223717685e-03
3.700000000000000000e+01 1.457004094848109686e-02 5.301106239875545516e-03
3.800000000000000000e+01 0.000000000000000000e+00 0.000000000000000000e+00
