1.000000000000000000e+00 1.198257080610021924e-02 1.858989992452332466e-03
2.000000000000000000e+00 1.095376422173807880e-02 2.543260557772009448e-03
3.000000000000000000e+00 1.046961994674413046e-02 2.471506726647195590e-03
4.000000000000000000e+00 1.107480029048656632e-02 2.052881097819440372e-03
5.000000000000000000e+00 4.296780440571290431e-03 1.229991324386511299e-03
6.000000000000000000e+00 5.144032921810699592e-03 8.420925922319444888e-04
7.000000000000000000e+00 1.228516097797143630e-02 7.640856090266553470e-03
8.000000000000000000e+00 2.093923989348826092e-02 6.047819143984430566e-03
9.000000000000000000e+00 3.582667634955216673e-02 8.392026192830437728e-03
1.000000000000000000e+01 4.139433551198257177e-02 6.606401355395087084e-03
1.100000000000000000e+01 6.669087388041637643e-02 1.116341305217054616e-02
1.200000000000000000e+01 3.558460421205519864e-02 8.839965421912277660e-03
1.300000000000000000e+01 1.216412490922295052e-02 2.732972224391199811e-03
1.400000000000000000e+01 4.962478818687969528e-02 7.176390181854792882e-03
1.500000000000000000e+01 1.870007262164125050e-02 5.272369165819880237e-03
1.600000000000000000e+01 1.543209876543210138e-02 2.460717417609142865e-03
1.700000000000000000e+01 2.015250544662309379e-02 4.548938808971672403e-03
1.800000000000000000e+01 2.317840716533527134e-02 4.133448049244114499e-03
1.900000000000000000e+01 2.801984991527475127e-02 6.600045984635378137e-03
2.000000000000000000e+01 6.596465746792544611e-03 1.229345481170409900e-03
2.100000000000000000e+01 1.906318082788671306e-02 2.554475155646944180e-03
2.200000000000000000e+01 1.549261679980634340e-02 2.239194120855821351e-03
2.300000000000000000e+01 1.391914790607601086e-02 3.709277856381954473e-03
2.400000000000000000e+01 2.257322682159283722e-02 3.715392465428001782e-03
2.500000000000000000e+01 3.969983054950375345e-02 1.478719216206707959e-02
2.600000000000000000e+01 9.440813362381990023e-03 1.798273850808617324e-03
2.700000000000000000e+01 4.460179133381747540e-02 1.769496066166797305e-02
2.800000000000000000e+01 1.706608569353667421e-02 3.305083568392347838e-03
2.900000000000000000e+01 1.694504962478818669e-02 3.804618368778513865e-03
3.000000000000000000e+01 1.633986928104575256e-02 2.950936165661488357e-03
3.100000000000000000e+01 2.929072863713386848e-02 5.699853845448327183e-03
3.200000000000000000e+01 1.500847252481239506e-02 3.123335852275706259e-03
3.300000000000000000e+01 1.809489227789881638e-02 2.496552456679752147e-03
3.400000000000000000e+01 2.693052529653837054e-02 5.494004423927011799e-03
3.500000000000000000e+01 1.912369886226095508e-02 2.426003025044338925e-03
3.600000000000000000e+01 1.506899055918663709e-02 3.288379979401074692e-03
3.700000000000000000e+01 2.305737109658678383e-02 4.336270152956832671e-03
3.800000000000000000e+01 1.325344952795933298e-02 1.620099025506786848e-03
