1.000000000000000000e+00 8.277069973728071878e-03 1.100870438373102679e-03
2.000000000000000000e+00 9.068052769852254918e-03 1.921006373336053103e-03
3.000000000000000000e+00 6.214864826690019890e-03 1.244597293021347919e-03
4.000000000000000000e+00 4.124410294076103975e-03 8.754190204180129853e-04
5.000000000000000000e+00 7.909827961241843418e-04 2.425516705624420287e-04
6.000000000000000000e+00 3.220429955648464789e-03 5.844245173374912599e-04
7.000000000000000000e+00 3.954913980620921709e-04 2.960291968526637348e-04
8.000000000000000000e+00 9.039803384276392725e-03 2.814757533751210961e-03
9.000000000000000000e+00 9.972033108279895405e-03 2.873265878454784022e-03
1.000000000000000000e+01 2.163902935111161260e-02 3.675292672968935061e-03
1.100000000000000000e+01 4.310856238876804164e-02 5.795496810402046492e-03
1.200000000000000000e+01 1.799485861182519367e-02 4.307930628872457327e-03
1.300000000000000000e+01 6.469109296872792639e-03 1.486895172095739582e-03
1.400000000000000000e+01 2.641317551343258171e-02 4.456426495873144940e-03
1.500000000000000000e+01 6.017119127658973263e-03 1.357860329258008024e-03
1.600000000000000000e+01 1.604565100709059652e-02 9.918104856023022067e-03
1.700000000000000000e+01 6.271363597841746879e-03 1.577385277643136938e-03
1.800000000000000000e+01 1.370095200429390613e-02 3.341798516831959165e-03
1.900000000000000000e+01 1.257097658125935769e-02 3.548883803519252943e-03
2.000000000000000000e+01 2.683691629707054063e-03 6.291937209436811694e-04
2.100000000000000000e+01 9.209299697731574558e-03 1.405580197209647508e-03
2.200000000000000000e+01 1.169524562840758286e-02 2.214830807598559305e-03
2.300000000000000000e+01 6.214864826690019890e-03 1.740155201317151925e-03
2.400000000000000000e+01 8.813808299669483037e-03 1.593101745340540351e-03
2.500000000000000000e+01 3.248679341224328283e-03 5.328534124383346943e-04
2.600000000000000000e+01 4.124410294076103975e-03 9.615339497579244174e-04
2.700000000000000000e+01 2.310799740105652644e-02 8.834375932810939816e-03
2.800000000000000000e+01 7.599084719907341946e-03 1.519175716518229510e-03
2.900000000000000000e+01 7.316590864148704403e-03 1.487872284881911790e-03
3.000000000000000000e+01 5.678126500748608731e-03 1.241013787677471437e-03
3.100000000000000000e+01 1.121500607361789956e-02 1.709498881593426566e-03
3.200000000000000000e+01 6.497358682448656567e-03 1.624767459000286615e-03
3.300000000000000000e+01 7.627334105483205874e-03 1.289336619994735323e-03
3.400000000000000000e+01 9.435294782338484246e-03 1.882234929668315845e-03
3.500000000000000000e+01 1.262747535241108554e-02 1.621846061152589207e-03
3.600000000000000000e+01 7.655583491059069802e-03 1.424667642508763979e-03
3.700000000000000000e+01 1.124325545919376175e-02 2.606188396794694058e-03
3.800000000000000000e+01 9.774287409248849645e-03 1.143568840579709976e-03
