1.000000000000000000e+00 1.125635439360929586e-02 1.842661945986140328e-03
2.000000000000000000e+00 1.034858387799564294e-02 2.547339805292027099e-03
3.000000000000000000e+00 9.198741224885016721e-03 2.197196980498191104e-03
4.000000000000000000e+00 7.262164124909223362e-03 1.711161604766116198e-03
5.000000000000000000e+00 1.391914790607601260e-03 4.097659414785730309e-04
6.000000000000000000e+00 3.207455821834906667e-03 5.839018121755072460e-04
7.000000000000000000e+00 6.051803437424352892e-05 6.065047054890705295e-05
8.000000000000000000e+00 1.046961994674413046e-02 4.975410190914590983e-03
9.000000000000000000e+00 1.894214475913822554e-02 6.683676082574365254e-03
1.000000000000000000e+01 3.401113531832486436e-02 5.798408596532840173e-03
1.100000000000000000e+01 6.420963447107239097e-02 1.108227714017795580e-02
1.200000000000000000e+01 2.160493827160494054e-02 6.268434432015652230e-03
1.300000000000000000e+01 9.440813362381990023e-03 2.534352669359135092e-03
1.400000000000000000e+01 4.163640764947954681e-02 6.813710748863682602e-03
1.500000000000000000e+01 6.959573953038005432e-03 1.568183178283975377e-03
1.600000000000000000e+01 5.265068990559187111e-03 1.442201364684016435e-03
1.700000000000000000e+01 1.167998063422900044e-02 3.528811890159599431e-03
1.800000000000000000e+01 1.918421689663519711e-02 4.119440930694696044e-03
1.900000000000000000e+01 2.366255144032921795e-02 6.384599833071689240e-03
2.000000000000000000e+01 3.691600096828855006e-03 8.756086057526419990e-04
2.100000000000000000e+01 1.549261679980634340e-02 2.272178085268849838e-03
2.200000000000000000e+01 1.240619704671992382e-02 2.040197776440812356e-03
2.300000000000000000e+01 9.682885499878965060e-03 3.746939024721137809e-03
2.400000000000000000e+01 1.512950859356088085e-02 3.160396601309973380e-03
2.500000000000000000e+01 3.449527959331880837e-03 7.338052810988967894e-04
2.600000000000000000e+01 6.778019849915275022e-03 1.950646314449238023e-03
2.700000000000000000e+01 4.266521423384168898e-02 1.789453054363237747e-02
2.800000000000000000e+01 1.343500363108206426e-02 2.980347957378675413e-03
2.900000000000000000e+01 1.028806584362139918e-02 2.867139673312923964e-03
3.000000000000000000e+01 7.383200193657710013e-03 1.779865825600147975e-03
3.100000000000000000e+01 1.894214475913822554e-02 3.212335396242862930e-03
3.200000000000000000e+01 1.071169208424110550e-02 2.367311738735878007e-03
3.300000000000000000e+01 1.258775114984265336e-02 2.550819340024708219e-03
3.400000000000000000e+01 1.537158073105785762e-02 3.837906099904744937e-03
3.500000000000000000e+01 1.549261679980634340e-02 2.280129562187536638e-03
3.600000000000000000e+01 1.071169208424110550e-02 2.690576122836744761e-03
3.700000000000000000e+01 1.682401355603970264e-02 3.809796683069413808e-03
3.800000000000000000e+01 1.301137739046235794e-02 1.626690420688877261e-03
