1.000000000000000000e+00 5.240632369639269556e-04 2.684184657053374974e-04
2.000000000000000000e+00 4.367193641366058144e-04 1.623439846553005063e-04
3.000000000000000000e+00 9.171106646868722265e-04 4.499852020345602196e-04
4.000000000000000000e+00 2.751331994060616463e-03 8.124205402752184479e-04
5.000000000000000000e+00 2.096252947855707822e-03 9.988639148366335388e-04
6.000000000000000000e+00 1.397501965237138693e-03 4.181289545734064635e-04
7.000000000000000000e+00 8.821731155559437917e-03 5.517133500812977480e-03
8.000000000000000000e+00 7.555244999563280259e-03 2.397075782851966659e-03
9.000000000000000000e+00 1.218447025941130253e-02 4.064388060586854486e-03
1.000000000000000000e+01 5.327976242466590968e-03 1.218763650129306387e-03
1.100000000000000000e+01 1.790549392960083747e-03 4.164701810558349318e-04
1.200000000000000000e+01 1.008821731155559384e-02 4.711168255212275745e-03
1.300000000000000000e+01 1.965237138614726355e-03 5.309251236955101231e-04
1.400000000000000000e+01 5.764695606603196729e-03 1.258112147328646277e-03
1.500000000000000000e+01 8.472355664250152268e-03 3.473668389223332018e-03
1.600000000000000000e+01 7.336885317494977812e-03 1.559852112717315543e-03
1.700000000000000000e+01 6.114071097912481510e-03 1.713925754500973892e-03
1.800000000000000000e+01 2.882347803301598364e-03 5.470692484953586926e-04
1.900000000000000000e+01 3.144379421783561734e-03 8.030357908046020440e-04
2.000000000000000000e+01 2.096252947855707822e-03 6.514350935282705365e-04
2.100000000000000000e+01 2.576644248405974506e-03 6.020486595762011579e-04
2.200000000000000000e+01 2.227268757096689724e-03 5.288815362698021452e-04
2.300000000000000000e+01 3.057035548956240755e-03 7.578533448464297960e-04
2.400000000000000000e+01 5.371648178880251458e-03 1.235543535840618592e-03
2.500000000000000000e+01 2.615948991178268859e-02 1.074985810180756687e-02
2.600000000000000000e+01 1.921565202201065648e-03 4.262395618420362973e-04
2.700000000000000000e+01 1.397501965237138693e-03 3.482446860921140520e-04
2.800000000000000000e+01 2.620316184819634995e-03 9.190593801985734272e-04
2.900000000000000000e+01 4.803913005502664230e-03 1.902618883065611537e-03
3.000000000000000000e+01 6.463446589221766292e-03 1.494166418148453043e-03
3.100000000000000000e+01 7.467901126735959280e-03 2.383696292940520618e-03
3.200000000000000000e+01 3.100707485369901244e-03 1.099373923705123735e-03
3.300000000000000000e+01 3.974146213643113199e-03 8.540099392329349995e-04
3.400000000000000000e+01 8.341339855009170801e-03 2.508990231586188599e-03
3.500000000000000000e+01 2.620316184819634995e-03 5.184352909697544001e-04
3.600000000000000000e+01 3.144379421783561734e-03 7.376511512565185700e-04
3.700000000000000000e+01 4.498209450607039937e-03 8.367328025317067501e-04
3.800000000000000000e+01 1.746877456546423366e-04 8.716540638425691705e-05
