1.000000000000000000e+00 8.647043409904795960e-03 1.341512386902014983e-03
2.000000000000000000e+00 7.904620490872565908e-03 1.835306029200134588e-03
3.000000000000000000e+00 7.555244999563280259e-03 1.783525947729856613e-03
4.000000000000000000e+00 7.991964363699886886e-03 1.481431009711260075e-03
5.000000000000000000e+00 3.100707485369901244e-03 8.876048844511621105e-04
6.000000000000000000e+00 3.712114595161149395e-03 6.076835528884902285e-04
7.000000000000000000e+00 8.865403091973098407e-03 5.513909775332541223e-03
8.000000000000000000e+00 1.511048999912656052e-02 4.364318435461556414e-03
9.000000000000000000e+00 2.585378635688706517e-02 6.055980470361172624e-03
1.000000000000000000e+01 2.987160450694383712e-02 4.767410952770914818e-03
1.100000000000000000e+01 4.812647392785396327e-02 8.055910440827412228e-03
1.200000000000000000e+01 2.567909861123242321e-02 6.379229130565048506e-03
1.300000000000000000e+01 8.778059219145777428e-03 1.972208622405458370e-03
1.400000000000000000e+01 3.581098785920167754e-02 5.178734883612918019e-03
1.500000000000000000e+01 1.349462835182111894e-02 3.804726530527019913e-03
1.600000000000000000e+01 1.113634378548344905e-02 1.775740003868175139e-03
1.700000000000000000e+01 1.454275482574897416e-02 3.282673809042183349e-03
1.800000000000000000e+01 1.672635164643200209e-02 2.982841102529030803e-03
1.900000000000000000e+01 2.022010655952484817e-02 4.762824694301466717e-03
2.000000000000000000e+01 4.760241069089003740e-03 8.871388213319875453e-04
2.100000000000000000e+01 1.375665997030308361e-02 1.843398876404493897e-03
2.200000000000000000e+01 1.118001572189710954e-02 1.615881022491990043e-03
2.300000000000000000e+01 1.004454537514193335e-02 2.676745012614875196e-03
2.400000000000000000e+01 1.628963228229539720e-02 2.681157528986474834e-03
2.500000000000000000e+01 2.864879028736133995e-02 1.067095655891328598e-02
2.600000000000000000e+01 6.812822080531051074e-03 1.297697489333635677e-03
2.700000000000000000e+01 3.218621713686784652e-02 1.276930430489132615e-02
2.800000000000000000e+01 1.231548606865228400e-02 2.385064236357548658e-03
2.900000000000000000e+01 1.222814219582496302e-02 2.745546070647923893e-03
3.000000000000000000e+01 1.179142283168835639e-02 2.129499048012508874e-03
3.100000000000000000e+01 2.113721722421172192e-02 4.113214470354972438e-03
3.200000000000000000e+01 1.083064023058782389e-02 2.253908709188740065e-03
3.300000000000000000e+01 1.305790898768451405e-02 1.801599825057918552e-03
3.400000000000000000e+01 1.943401170407895936e-02 3.964666307143416106e-03
3.500000000000000000e+01 1.380033190671674410e-02 1.750688880506273606e-03
3.600000000000000000e+01 1.087431216700148438e-02 2.373010340624655268e-03
3.700000000000000000e+01 1.663900777360468111e-02 3.129204647019770240e-03
3.800000000000000000e+01 9.564154074591667970e-03 1.169120285504155095e-03
