1.000000000000000000e+00 3.118176259935365527e-02 4.944170623187464642e-03
2.000000000000000000e+00 2.214167176172591664e-02 3.644289133758186593e-03
3.000000000000000000e+00 1.995807494104288524e-02 3.112004223982358080e-03
4.000000000000000000e+00 8.328238274085073001e-02 1.059802595055016512e-02
5.000000000000000000e+00 6.839025242379247194e-02 1.076953016796157805e-02
6.000000000000000000e+00 4.668530002620316366e-02 5.824477773946724196e-03
7.000000000000000000e+00 3.899903921739889673e-02 5.010218059687097589e-03
8.000000000000000000e+00 1.050746790112673662e-01 1.392108444919811297e-02
9.000000000000000000e+00 8.157917722071796052e-02 1.203236911447314039e-02
1.000000000000000000e+01 9.935365534107781782e-02 1.256496973424801704e-02
1.100000000000000000e+01 1.563018604244912346e-01 1.685564006012548952e-02
1.200000000000000000e+01 1.405799633155734030e-01 1.521697899525513084e-02
1.300000000000000000e+01 6.087867936064285390e-02 1.050386208563310400e-02
1.400000000000000000e+01 6.699275045855533628e-02 6.932512561322152003e-03
1.500000000000000000e+01 1.629399947593676290e-01 1.496691600979029209e-02
1.600000000000000000e+01 9.638396366494890455e-02 8.354821145208043628e-03
1.700000000000000000e+01 6.729845401345095623e-02 7.128323572441452524e-03
1.800000000000000000e+01 9.262817713337409553e-02 7.842733866231408821e-03
1.900000000000000000e+01 4.751506681806270949e-02 4.914233843968604694e-03
2.000000000000000000e+01 3.939208664512184460e-02 6.873106756870460757e-03
2.100000000000000000e+01 4.895624071971350910e-02 8.852313966950121210e-03
2.200000000000000000e+01 5.795265962092759071e-02 1.068969097027479449e-02
2.300000000000000000e+01 1.400122281421958270e-01 1.316548117606127465e-02
2.400000000000000000e+01 7.083588086295745934e-02 8.455781066877726335e-03
2.500000000000000000e+01 6.183946196174338467e-02 6.426092418572424553e-03
2.600000000000000000e+01 1.002270940693510415e-01 8.206487131950613786e-03
2.700000000000000000e+01 1.059917896759542261e-01 1.219714149580957557e-02
2.800000000000000000e+01 3.572364398637435656e-02 4.062507767984821494e-03
2.900000000000000000e+01 6.677439077648703036e-02 8.530734644225820146e-03
3.000000000000000000e+01 1.188313389815704446e-01 1.405199489328727395e-02
3.100000000000000000e+01 7.240807057384925083e-02 9.569667334207771284e-03
3.200000000000000000e+01 8.079308236527207865e-02 6.360660781877303972e-03
3.300000000000000000e+01 6.118438291553847386e-02 9.289232360358645399e-03
3.400000000000000000e+01 6.354266748187614722e-02 6.408295982523001810e-03
3.500000000000000000e+01 5.825836317582321761e-02 6.200741414059949587e-03
3.600000000000000000e+01 4.009083762774041243e-02 4.679247585307943699e-03
3.700000000000000000e+01 1.298803388942265657e-01 1.236960129756796770e-02
3.800000000000000000e+01 0.000000000000000000e+00 0.000000000000000000e+00
