1.0000 0.0312 0.0049
2.0000 0.0221 0.0036
3.0000 0.0200 0.0031
4.0000 0.0833 0.0106
5.0000 0.0684 0.0108
6.0000 0.0467 0.0058
7.0000 0.0390 0.0050
8.0000 0.1051 0.0139
9.0000 0.0816 0.0120
10.0000 0.0994 0.0126
11.0000 0.1563 0.0169
12.0000 0.1406 0.0152
13.0000 0.0609 0.0105
14.0000 0.0670 0.0069
15.0000 0.1629 0.0150
16.0000 0.0964 0.0084
17.0000 0.0673 0.0071
18.0000 0.0926 0.0078
19.0000 0.0475 0.0049
20.0000 0.0394 0.0069
21.0000 0.0490 0.0089
22.0000 0.0580 0.0107
23.0000 0.1400 0.0132
24.0000 0.0708 0.0085
25.0000 0.0618 0.0064
26.0000 0.1002 0.0082
27.0000 0.1060 0.0122
28.0000 0.0357 0.0041
29.0000 0.0668 0.0085
30.0000 0.1188 0.0141
31.0000 0.0724 0.0096
32.0000 0.0808 0.0064
33.0000 0.0612 0.0093
34.0000 0.0635 0.0064
35.0000 0.0583 0.0062
36.0000 0.0401 0.0047
37.0000 0.1299 0.0124
38.0000 0.0000 0.0000
