1.000000000000000000e+00 0.000000000000000000e+00 0.000000000000000000e+00
2.000000000000000000e+00 4.367193641366058415e-05 0.000000000000000000e+00
3.000000000000000000e+00 5.240632369639269556e-04 6.076275118640726272e-04
4.000000000000000000e+00 7.677526421521529976e-02 7.321102751067998064e-03
5.000000000000000000e+00 1.411913704253646706e-01 7.904196336539000278e-03
6.000000000000000000e+00 1.554720936326316749e-01 8.931955413101030916e-03
7.000000000000000000e+00 1.365621451655166518e-01 0.000000000000000000e+00
8.000000000000000000e+00 1.238099397327277473e-01 1.157400524568181349e-02
9.000000000000000000e+00 1.609747576207529174e-01 1.676517742102601183e-02
1.000000000000000000e+01 1.458205956852126894e-01 1.657241829648387760e-02
1.100000000000000000e+01 1.210149358022534760e-01 1.678032558796923104e-02
1.200000000000000000e+01 1.038518647916848586e-01 1.654107631321331123e-02
1.300000000000000000e+01 7.467901126735959627e-02 1.033854745997627757e-02
1.400000000000000000e+01 1.848196349026115792e-01 2.971537420206305652e-02
1.500000000000000000e+01 1.939033976766529888e-01 3.069931467087158583e-02
1.600000000000000000e+01 1.715433662328587627e-01 2.978184165647073528e-02
1.700000000000000000e+01 1.145078172766180458e-01 1.794975549250258859e-02
1.800000000000000000e+01 8.385011791422831984e-02 1.434864592442867265e-02
1.900000000000000000e+01 1.318019040964276412e-01 1.623445881274877128e-02
2.000000000000000000e+01 1.191370425364660646e-01 1.649541791755015918e-02
2.100000000000000000e+01 1.112324220455934987e-01 1.577094212949202087e-02
2.200000000000000000e+01 1.113197659184208266e-01 2.837520655980106665e-02
2.300000000000000000e+01 9.066293999475937004e-02 2.254701271695793915e-02
2.400000000000000000e+01 8.695082539959822499e-02 2.372929114885280119e-02
2.500000000000000000e+01 8.280199144030046809e-02 1.569303957334971383e-02
2.600000000000000000e+01 7.852214167176171933e-02 1.371600912445577504e-02
2.700000000000000000e+01 1.204035286924622222e-01 1.745629143721083923e-02
2.800000000000000000e+01 2.810289108219058418e-01 2.989687837901933154e-02
2.900000000000000000e+01 3.566687046903659897e-01 2.610635669915676096e-02
3.000000000000000000e+01 3.375840684775963108e-01 2.809903209310979019e-02
3.100000000000000000e+01 1.789239234867674166e-01 2.116727630794139683e-02
3.200000000000000000e+01 1.236789239234867693e-01 1.670255516140060556e-02
3.300000000000000000e+01 9.511747750895274689e-02 9.543073460562287100e-03
3.400000000000000000e+01 1.094855445890470791e-01 1.039695862213894581e-02
3.500000000000000000e+01 9.184208227792819978e-02 9.585747509210679196e-03
3.600000000000000000e+01 7.275744606515853474e-02 8.222147904355775125e-03
3.700000000000000000e+01 0.000000000000000000e+00 0.000000000000000000e+00
3.800000000000000000e+01 0.000000000000000000e+00 0.000000000000000000e+00
