8.0001 12.4060 11.5952 13.2169
16.0002 9.8231 7.7417 11.9045
24.0003 9.0812 6.6250 11.5374
32.0004 8.4843 6.8971 10.0716
40.0005 8.5105 6.9233 10.0978
48.0006 8.6729 7.5394 9.8065
56.0007 8.5075 7.6277 9.3874
64.0008 8.1269 7.3460 8.9077
72.0009 7.7393 6.9127 8.5660
80.0010 7.5217 6.9593 8.0841
88.0010 7.2507 6.3724 8.1289
96.0011 7.0838 6.2055 7.9620
104.0012 6.7896 5.8721 7.7071
112.0013 6.5614 5.6439 7.4788
120.0014 6.3549 5.4375 7.2724
128.0015 6.1715 4.8530 7.4900
136.0016 6.0503 4.7318 7.3689
144.0017 6.0596 5.2367 6.8825
152.0018 6.0463 4.7278 7.3648
160.0019 5.9672 4.6487 7.2857
168.0020 5.8364 4.8215 6.8514
176.0021 5.6856 4.6706 6.7006
184.0022 5.4926 4.4776 6.5075
192.0023 5.3696 4.3546 6.3846
200.0024 5.2669 4.2519 6.2819
208.0025 5.2198 3.6429 6.7968
216.0026 5.2079 3.6310 6.7848
224.0027 5.2934 3.7165 6.8703
232.0028 5.2639 3.6870 6.8408
240.0029 5.1456 3.5687 6.7225
248.0029 5.0085 4.1559 5.8612
256.0031 4.9196 4.0670 5.7723
264.0031 4.8924 4.0397 5.7451
272.0032 4.8522 3.9996 5.7049
280.0033 4.7820 3.9294 5.6347
288.0034 4.6642 3.8557 5.4727
296.0035 4.5559 3.7474 5.3644
304.0036 4.4529 3.6444 5.2614
312.0037 4.3589 3.1226 5.5952
320.0038 4.2807 3.0444 5.5170
328.0039 4.2063 2.9948 5.4177
336.0040 4.1356 2.9241 5.3471
344.0041 4.0745 2.8630 5.2860
352.0042 4.0028 2.3278 5.6779
360.0043 3.9382 2.2631 5.6133
368.0044 3.8656 2.1905 5.5407
376.0045 3.7982 2.1231 5.4733
384.0046 3.7429 2.0678 5.4179
392.0047 3.6887 2.0136 5.3638
400.0048 3.6544 1.9793 5.3295
408.0049 3.6199 1.9448 5.2949
416.0049 3.5973 1.9222 5.2724
424.0050 3.5814 1.9064 5.2565
432.0051 3.5647 1.8897 5.2398
440.0052 3.5408 1.8657 5.2158
448.0053 3.5191 1.8440 5.1942
456.0054 3.4948 1.8197 5.1698
464.0055 3.4678 1.7927 5.1429
472.0056 3.4400 1.7650 5.1151
480.0057 3.3998 1.7247 5.0748
488.0058 3.3592 1.6841 5.0343
496.0059 3.3219 2.0206 4.6233
504.0060 3.2997 1.9983 4.6011
512.0061 3.2780 1.9766 4.5793
520.0062 3.2679 1.9666 4.5693
528.0063 3.2583 1.9569 4.5597
536.0063 3.2385 1.9371 4.5398
544.0065 3.2376 1.9363 4.5390
552.0066 3.2330 1.9316 4.5344
560.0067 3.2289 1.9276 4.5303
568.0068 3.2209 1.9195 4.5222
576.0068 3.2055 1.9041 4.5069
584.0070 3.1904 1.8890 4.4917
592.0070 3.1758 1.8744 4.4772
600.0071 3.1609 1.8596 4.4623
608.0073 3.1540 1.8527 4.4554
616.0073 3.1493 1.8480 4.4507
624.0074 3.1379 1.8365 4.4393
632.0075 3.1256 1.8242 4.4270
640.0076 3.1007 1.7994 4.4021
648.0077 3.0756 1.7742 4.3770
656.0078 3.0508 2.0870 4.0146
664.0079 3.0268 2.0630 3.9906
672.0080 3.0090 2.0452 3.9728
680.0081 2.9904 2.0267 3.9542
688.0082 2.9690 2.0052 3.9328
696.0083 2.9454 1.7880 4.1027
704.0084 2.9236 1.7663 4.0810
712.0085 2.9019 1.7446 4.0593
720.0085 2.8813 1.7240 4.0387
728.0087 2.8666 1.7092 4.0239
736.0087 2.8514 1.6940 4.0087
744.0089 2.8338 1.6764 3.9911
752.0090 2.8244 1.6670 3.9817
760.0090 2.8143 1.6569 3.9716
768.0092 2.7983 1.6409 3.9556
776.0092 2.7810 1.6237 3.9383
784.0093 2.7585 1.6012 3.9159
792.0094 2.7403 1.5830 3.8977
800.0095 2.7278 1.5704 3.8851
808.0096 2.7159 1.5585 3.8732
816.0097 2.7056 1.5482 3.8629
824.0098 2.6910 1.5337 3.8484
832.0099 2.6813 1.5240 3.8387
840.0100 2.6738 1.5165 3.8312
848.0101 2.6650 1.5077 3.8224
856.0102 2.6490 1.4916 3.8063
864.0103 2.6367 1.4794 3.7941
872.0104 2.6295 1.4721 3.7868
880.0105 2.6204 1.4631 3.7778
888.0106 2.6043 1.4469 3.7616
896.0107 2.5925 1.4352 3.7499
904.0107 2.5762 1.4189 3.7335
912.0109 2.5617 1.4044 3.7191
920.0109 2.5570 1.3996 3.7143
928.0110 2.5500 1.3927 3.7073
936.0111 2.5363 1.3790 3.6937
944.0112 2.5226 1.3652 3.6799
952.0114 2.5094 1.3520 3.6667
960.0114 2.4973 1.3400 3.6547
968.0115 2.4909 1.3336 3.6483
976.0116 2.4799 1.3225 3.6372
984.0117 2.4697 1.5842 3.3553
992.0118 2.4554 1.5698 3.3409
1000.0119 2.4469 1.5614 3.3325
1008.0120 2.4358 1.5502 3.3213
1016.0121 2.4273 1.5417 3.3129
1024.0122 2.4181 1.5325 3.3036
1032.0123 2.4063 1.5207 3.2919
1040.0123 2.3992 1.5137 3.2848
1048.0125 2.3973 1.5118 3.2829
1056.0126 2.3914 1.5058 3.2769
1064.0127 2.3851 1.4996 3.2707
1072.0127 2.3789 1.4933 3.2645
1080.0128 2.3716 1.4860 3.2571
1088.0129 2.3655 1.4799 3.2511
1096.0131 2.3589 1.4733 3.2445
1104.0132 2.3506 1.4650 3.2362
1112.0132 2.3427 1.4571 3.2282
1120.0133 2.3538 1.4683 3.2394
1128.0134 2.3585 1.4730 3.2441
1136.0135 2.3653 1.4798 3.2509
1144.0137 2.3705 1.4849 3.2560
1152.0137 2.3736 1.4881 3.2592
1160.0138 2.3780 1.4925 3.2636
1168.0139 2.3808 1.4952 3.2663
1176.0140 2.3741 1.4886 3.2597
1184.0140 2.3632 1.4776 3.2487
1192.0142 2.3536 1.4680 3.2391
1200.0143 2.3464 1.4608 3.2320
1208.0144 2.3357 1.4501 3.2213
1216.0145 2.3282 1.4426 3.2137
1224.0145 2.3212 1.4356 3.2067
1232.0146 2.3129 1.4273 3.1985
1240.0148 2.3111 1.4255 3.1966
1248.0149 2.3043 1.4187 3.1899
1256.0149 2.2965 1.4109 3.1820
1264.0150 2.2888 1.4032 3.1743
1272.0151 2.2791 1.3935 3.1647
1280.0153 2.2714 1.3858 3.1570
1288.0154 2.2646 1.3790 3.1501
1296.0154 2.2550 1.3694 3.1405
1304.0155 2.2460 1.3605 3.1316
1312.0156 2.2380 1.5702 2.9058
1320.0157 2.2293 1.5615 2.8971
1328.0157 2.2227 1.5549 2.8904
1336.0159 2.2238 1.5560 2.8915
1344.0160 2.2179 1.5501 2.8857
1352.0161 2.2187 1.5509 2.8865
1360.0162 2.2251 1.5573 2.8929
1368.0162 2.2221 1.5543 2.8899
1376.0164 2.2152 1.5474 2.8830
1384.0165 2.2078 1.5400 2.8755
1392.0166 2.1998 1.5320 2.8675
1400.0166 2.1944 1.5266 2.8622
1408.0167 2.1925 1.5247 2.8603
1416.0168 2.1842 1.5164 2.8520
1424.0170 2.1758 1.5080 2.8436
1432.0171 2.1667 1.4990 2.8345
1440.0171 2.1585 1.4907 2.8263
1448.0172 2.1496 1.4819 2.8174
1456.0173 2.1420 1.4742 2.8098
1464.0175 2.1333 1.4655 2.8011
1472.0175 2.1299 1.4621 2.7977
1480.0176 2.1242 1.4564 2.7920
1488.0177 2.1200 1.4523 2.7878
1496.0178 2.1141 1.4463 2.7819
1504.0179 2.1068 1.4390 2.7746
1512.0179 2.1022 1.4344 2.7700
1520.0181 2.0955 1.4277 2.7633
1528.0182 2.0886 1.4208 2.7564
1536.0183 2.0803 1.4125 2.7481
1544.0183 2.0726 1.4048 2.7403
1552.0184 2.0654 1.3976 2.7332
1560.0186 2.0576 1.3899 2.7254
1568.0187 2.0510 1.3832 2.7187
1576.0188 2.0459 1.3781 2.7137
1584.0188 2.0396 1.3718 2.7074
1592.0189 2.0347 1.3669 2.7025
1600.0190 2.0293 1.3615 2.6971
1608.0192 2.0251 1.3573 2.6928
1616.0193 2.0247 1.3569 2.6925
1624.0193 2.0214 1.2083 2.8346
1632.0194 2.0185 1.2054 2.8317
1640.0195 2.0129 1.4482 2.5775
1648.0197 2.0096 1.4449 2.5742
1656.0197 2.0036 1.4389 2.5682
1664.0198 1.9971 1.4324 2.5617
1672.0199 1.9920 1.4274 2.5567
1680.0200 1.9931 1.4285 2.5578
1688.0201 1.9959 1.4313 2.5606
1696.0201 1.9925 1.4279 2.5572
1704.0203 1.9867 1.4220 2.5513
1712.0204 1.9811 1.4165 2.5458
1720.0205 1.9775 1.4128 2.5421
1728.0205 1.9749 1.4102 2.5395
1736.0206 1.9716 1.4069 2.5362
1744.0208 1.9691 1.4045 2.5338
1752.0209 1.9711 1.4065 2.5357
1760.0210 1.9752 1.4106 2.5399
1768.0210 1.9733 1.4087 2.5379
1776.0211 1.9685 1.4039 2.5331
1784.0212 1.9678 1.4032 2.5325
1792.0214 1.9802 1.4156 2.5448
1800.0214 1.9883 1.4236 2.5529
1808.0215 2.0002 1.4356 2.5649
1816.0216 2.0204 1.4558 2.5850
1824.0217 2.0393 1.4747 2.6039
1832.0219 2.0552 1.4905 2.6198
1840.0219 2.0629 1.4983 2.6276
1848.0220 2.0745 1.5099 2.6392
1856.0221 2.0879 1.5233 2.6526
1864.0222 2.0969 1.5322 2.6615
1872.0222 2.1040 1.5393 2.6686
1880.0223 2.1086 1.5440 2.6733
1888.0225 2.1051 1.5405 2.6698
1896.0226 2.1001 1.5355 2.6648
1904.0227 2.0981 1.5334 2.6627
1912.0227 2.1056 1.5410 2.6703
1920.0228 2.1061 1.5415 2.6707
1928.0229 2.1058 1.5412 2.6704
1936.0231 2.1084 1.5438 2.6731
1944.0231 2.1126 1.5479 2.6772
1952.0232 2.1184 1.5537 2.6830
1960.0233 2.1267 1.5621 2.6913
1968.0234 2.1319 1.6561 2.6077
1976.0236 2.1365 1.6607 2.6123
1984.0236 2.1397 1.6639 2.6155
