5.000000000000000000e-01 0.000000000000000000e+00 -1.484780809163811430e-02
1.500000000000000000e+00 9.436412678108523355e-01 -6.924362383736777649e-02
2.500000000000000000e+00 1.341524171023975365e+00 -9.399696945266459991e-02
3.500000000000000000e+00 1.394678347353726311e+00 -2.470365286110225433e-01
4.500000000000000000e+00 2.258096874797422604e+00 -5.211515071504078250e-02
5.500000000000000000e+00 2.291016423989585604e+00 -2.601232046651146268e-01
6.500000000000000000e+00 2.916466919426262461e+00 -1.429609795955886498e-01
7.500000000000000000e+00 2.547927587964221807e+00 -2.192827925320346982e-01
8.500000000000000000e+00 1.772947309236993840e+00 -3.834552963786970747e-01
9.500000000000000000e+00 2.658915365883502968e+00 -3.131180075560365261e-01
1.050000000000000000e+01 3.403748252378528516e+00 -3.514723437720684851e-01
1.150000000000000000e+01 3.208491591019662081e+00 -4.665937645533304035e-01
1.250000000000000000e+01 3.293089455344474725e+00 -5.331680485550498449e-01
1.350000000000000000e+01 5.064525486146818523e+00 -5.331680485550498449e-01
1.450000000000000000e+01 7.975235101020697215e+00 nan
1.550000000000000000e+01 7.975235101020697215e+00 nan
1.650000000000000000e+01 7.975235101020697215e+00 nan
1.750000000000000000e+01 7.975235101020697215e+00 nan
1.850000000000000000e+01 7.975235101020697215e+00 nan
1.950000000000000000e+01 7.975235101020697215e+00 nan
2.050000000000000000e+01 7.975235101020697215e+00 nan
2.150000000000000000e+01 7.975235101020697215e+00 nan
2.250000000000000000e+01 7.975235101020697215e+00 nan
2.350000000000000000e+01 7.975235101020697215e+00 nan
2.450000000000000000e+01 7.975235101020697215e+00 nan
