1.000000000000000000e+00 0.000000000000000000e+00 0.000000000000000000e+00
2.000000000000000000e+00 0.000000000000000000e+00 0.000000000000000000e+00
3.000000000000000000e+00 0.000000000000000000e+00 0.000000000000000000e+00
4.000000000000000000e+00 0.000000000000000000e+00 0.000000000000000000e+00
5.000000000000000000e+00 0.000000000000000000e+00 0.000000000000000000e+00
6.000000000000000000e+00 0.000000000000000000e+00 0.000000000000000000e+00
7.000000000000000000e+00 0.000000000000000000e+00 0.000000000000000000e+00
8.000000000000000000e+00 0.000000000000000000e+00 0.000000000000000000e+00
9.000000000000000000e+00 0.000000000000000000e+00 0.000000000000000000e+00
1.000000000000000000e+01 0.000000000000000000e+00 0.000000000000000000e+00
1.100000000000000000e+01 0.000000000000000000e+00 0.000000000000000000e+00
1.200000000000000000e+01 0.000000000000000000e+00 0.000000000000000000e+00
1.300000000000000000e+01 0.000000000000000000e+00 0.000000000000000000e+00
1.400000000000000000e+01 0.000000000000000000e+00 0.000000000000000000e+00
1.500000000000000000e+01 1.091986428871674769e-01 1.030675290699870419e-02
1.600000000000000000e+01 0.000000000000000000e+00 0.000000000000000000e+00
1.700000000000000000e+01 0.000000000000000000e+00 0.000000000000000000e+00
1.800000000000000000e+01 1.189580856302167727e-01 1.021978628339648143e-02
1.900000000000000000e+01 0.000000000000000000e+00 0.000000000000000000e+00
2.000000000000000000e+01 0.000000000000000000e+00 0.000000000000000000e+00
2.100000000000000000e+01 0.000000000000000000e+00 0.000000000000000000e+00
2.200000000000000000e+01 0.000000000000000000e+00 0.000000000000000000e+00
2.300000000000000000e+01 8.539512400168138007e-02 1.521068188844521864e-02
2.400000000000000000e+01 0.000000000000000000e+00 0.000000000000000000e+00
2.500000000000000000e+01 0.000000000000000000e+00 0.000000000000000000e+00
2.600000000000000000e+01 0.000000000000000000e+00 0.000000000000000000e+00
2.700000000000000000e+01 0.000000000000000000e+00 0.000000000000000000e+00
2.800000000000000000e+01 0.000000000000000000e+00 0.000000000000000000e+00
2.900000000000000000e+01 0.000000000000000000e+00 0.000000000000000000e+00
3.000000000000000000e+01 0.000000000000000000e+00 0.000000000000000000e+00
3.100000000000000000e+01 0.000000000000000000e+00 0.000000000000000000e+00
3.200000000000000000e+01 0.000000000000000000e+00 0.000000000000000000e+00
3.300000000000000000e+01 0.000000000000000000e+00 0.000000000000000000e+00
3.400000000000000000e+01 0.000000000000000000e+00 0.000000000000000000e+00
3.500000000000000000e+01 0.000000000000000000e+00 0.000000000000000000e+00
3.600000000000000000e+01 0.000000000000000000e+00 0.000000000000000000e+00
3.700000000000000000e+01 1.391315678856662463e-01 2.599956230245934266e-02
3.800000000000000000e+01 0.000000000000000000e+00 0.000000000000000000e+00
