1.0000 0.0679 0.0083
2.0000 0.0713 0.0098
3.0000 0.0571 0.0071
4.0000 0.0936 0.0105
5.0000 0.0854 0.0080
6.0000 0.0905 0.0099
7.0000 0.1130 0.0101
8.0000 0.1855 0.0216
9.0000 0.2140 0.0231
10.0000 0.2503 0.0231
11.0000 0.2768 0.0172
12.0000 0.3060 0.0253
13.0000 0.2840 0.0297
14.0000 0.2852 0.0247
15.0000 0.3364 0.0263
16.0000 0.3241 0.0260
17.0000 0.2930 0.0267
18.0000 0.3082 0.0437
19.0000 0.2478 0.0277
20.0000 0.2108 0.0217
21.0000 0.2070 0.0156
22.0000 0.1490 0.0110
23.0000 0.2058 0.0228
24.0000 0.1548 0.0206
25.0000 0.1524 0.0129
26.0000 0.2024 0.0128
27.0000 0.2172 0.0218
28.0000 0.1855 0.0202
29.0000 0.1711 0.0133
30.0000 0.1616 0.0130
31.0000 0.1723 0.0145
32.0000 0.2636 0.0284
33.0000 0.2166 0.0263
34.0000 0.2435 0.0386
35.0000 0.1884 0.0150
36.0000 0.1661 0.0125
37.0000 0.2407 0.0226
38.0000 0.1436 0.0137
