0.042 0.024 0.011 0.016 0.005 0.006 0.016 0.014 0.014 0.017 0.012 0.010 0.008 0.015 0.016 0.008 0.007 0.014 0.005 0.003 0.005 0.003 0.005 0.002 0.002 0.004 0.004 0.002 0.002 0.003 0.005 0.006 0.003 0.006 0.004 0.004 0.008 0.005
0.024 0.051 0.017 0.027 0.009 0.015 0.040 0.027 0.021 0.028 0.022 0.016 0.011 0.011 0.013 0.014 0.010 0.009 0.005 0.005 0.005 0.003 0.006 0.003 0.004 0.006 0.005 0.004 0.003 0.004 0.006 0.005 0.003 0.005 0.004 0.005 0.010 0.007
0.011 0.017 0.031 0.019 0.012 0.009 0.012 0.010 0.009 0.011 0.011 0.007 0.005 0.006 0.006 0.005 0.004 0.004 0.003 0.002 0.003 0.002 0.003 0.002 0.003 0.004 0.005 0.004 0.004 0.004 0.005 0.003 0.002 0.003 0.002 0.002 0.004 0.002
0.016 0.027 0.019 0.077 0.034 0.022 0.037 0.031 0.031 0.039 0.026 0.029 0.021 0.014 0.013 0.020 0.024 0.019 0.007 0.008 0.015 0.011 0.009 0.006 0.010 0.017 0.011 0.007 0.008 0.005 0.012 0.006 0.004 0.013 0.014 0.013 0.020 0.014
0.005 0.009 0.012 0.034 0.061 0.032 0.019 0.026 0.025 0.027 0.032 0.021 0.017 0.016 0.013 0.010 0.013 0.013 0.006 0.006 0.008 0.007 0.009 0.005 0.007 0.010 0.010 0.008 0.010 0.007 0.008 0.008 0.004 0.005 0.006 0.007 0.011 0.005
0.006 0.015 0.009 0.022 0.032 0.063 0.034 0.025 0.025 0.034 0.027 0.015 0.017 0.013 0.011 0.016 0.015 0.007 0.006 0.006 0.006 0.005 0.010 0.006 0.006 0.014 0.008 0.007 0.010 0.010 0.017 0.011 0.006 0.010 0.010 0.013 0.016 0.010
0.016 0.040 0.012 0.037 0.019 0.034 0.072 0.046 0.031 0.044 0.038 0.024 0.016 0.015 0.019 0.022 0.021 0.013 0.008 0.006 0.006 0.004 0.008 0.007 0.008 0.018 0.011 0.006 0.006 0.009 0.016 0.008 0.004 0.011 0.011 0.013 0.018 0.013
0.014 0.027 0.010 0.031 0.026 0.025 0.046 0.157 0.117 0.110 0.118 0.104 0.094 0.097 0.040 0.085 0.078 0.086 0.072 0.007 0.013 0.007 0.010 0.006 0.008 0.015 0.021 0.019 0.036 0.009 0.015 0.081 0.034 0.082 0.012 0.022 0.067 0.023
0.014 0.021 0.009 0.031 0.025 0.025 0.031 0.117 0.179 0.143 0.113 0.122 0.119 0.098 0.039 0.089 0.094 0.099 0.071 0.010 0.023 0.016 0.018 0.012 0.017 0.024 0.028 0.024 0.041 0.015 0.019 0.084 0.036 0.079 0.014 0.021 0.067 0.022
0.017 0.028 0.011 0.039 0.027 0.034 0.044 0.110 0.143 0.210 0.151 0.146 0.129 0.108 0.056 0.108 0.115 0.110 0.075 0.012 0.024 0.020 0.026 0.024 0.027 0.040 0.032 0.019 0.037 0.025 0.029 0.095 0.042 0.091 0.023 0.028 0.081 0.034
0.012 0.022 0.011 0.026 0.032 0.027 0.038 0.118 0.113 0.151 0.243 0.175 0.136 0.136 0.102 0.109 0.107 0.118 0.082 0.023 0.022 0.020 0.032 0.029 0.032 0.043 0.040 0.029 0.042 0.031 0.034 0.106 0.049 0.094 0.023 0.034 0.089 0.034
0.010 0.016 0.007 0.029 0.021 0.015 0.024 0.104 0.122 0.146 0.175 0.266 0.171 0.134 0.117 0.147 0.134 0.140 0.093 0.028 0.037 0.026 0.042 0.036 0.037 0.058 0.055 0.041 0.055 0.035 0.042 0.122 0.060 0.100 0.031 0.041 0.100 0.038
0.008 0.011 0.005 0.021 0.017 0.017 0.016 0.094 0.119 0.129 0.136 0.171 0.232 0.151 0.098 0.143 0.130 0.126 0.087 0.024 0.032 0.025 0.039 0.019 0.022 0.031 0.031 0.029 0.043 0.024 0.033 0.098 0.049 0.096 0.023 0.032 0.091 0.035
0.015 0.011 0.006 0.014 0.016 0.013 0.015 0.097 0.098 0.108 0.136 0.134 0.151 0.230 0.122 0.124 0.130 0.141 0.086 0.020 0.031 0.024 0.027 0.012 0.019 0.035 0.041 0.036 0.046 0.014 0.023 0.090 0.043 0.090 0.020 0.029 0.079 0.028
0.016 0.013 0.006 0.013 0.013 0.011 0.019 0.040 0.039 0.056 0.102 0.117 0.098 0.122 0.245 0.123 0.104 0.122 0.071 0.047 0.039 0.035 0.054 0.036 0.040 0.065 0.067 0.050 0.038 0.030 0.047 0.059 0.039 0.049 0.030 0.041 0.062 0.034
0.008 0.014 0.005 0.020 0.010 0.016 0.022 0.085 0.089 0.108 0.109 0.147 0.143 0.124 0.123 0.266 0.171 0.153 0.117 0.052 0.042 0.026 0.060 0.033 0.024 0.054 0.051 0.036 0.045 0.030 0.049 0.113 0.063 0.112 0.038 0.046 0.103 0.046
0.007 0.010 0.004 0.024 0.013 0.015 0.021 0.078 0.094 0.115 0.107 0.134 0.130 0.130 0.104 0.171 0.248 0.181 0.111 0.044 0.050 0.033 0.052 0.032 0.035 0.061 0.047 0.025 0.040 0.024 0.036 0.096 0.044 0.092 0.029 0.040 0.093 0.043
0.014 0.009 0.004 0.019 0.013 0.007 0.013 0.086 0.099 0.110 0.118 0.140 0.126 0.141 0.122 0.153 0.181 0.275 0.147 0.065 0.072 0.048 0.058 0.041 0.042 0.056 0.055 0.034 0.044 0.023 0.035 0.113 0.054 0.098 0.028 0.040 0.097 0.039
0.005 0.005 0.003 0.007 0.006 0.006 0.008 0.072 0.071 0.075 0.082 0.093 0.087 0.086 0.071 0.117 0.111 0.147 0.193 0.084 0.047 0.040 0.061 0.033 0.023 0.035 0.040 0.028 0.032 0.014 0.028 0.092 0.045 0.085 0.016 0.026 0.079 0.029
0.003 0.005 0.002 0.008 0.006 0.006 0.006 0.007 0.010 0.012 0.023 0.028 0.024 0.020 0.047 0.052 0.044 0.065 0.084 0.140 0.074 0.051 0.072 0.045 0.027 0.036 0.052 0.036 0.014 0.017 0.028 0.035 0.027 0.031 0.018 0.025 0.035 0.015
0.005 0.005 0.003 0.015 0.008 0.006 0.006 0.013 0.023 0.024 0.022 0.037 0.032 0.031 0.039 0.042 0.050 0.072 0.047 0.074 0.136 0.069 0.062 0.046 0.041 0.034 0.048 0.033 0.016 0.014 0.025 0.031 0.021 0.029 0.020 0.022 0.036 0.015
0.003 0.003 0.002 0.011 0.007 0.005 0.004 0.007 0.016 0.020 0.020 0.026 0.025 0.024 0.035 0.026 0.033 0.048 0.040 0.051 0.069 0.113 0.071 0.045 0.043 0.038 0.038 0.027 0.012 0.013 0.020 0.020 0.015 0.020 0.018 0.017 0.026 0.011
0.005 0.006 0.003 0.009 0.009 0.010 0.008 0.010 0.018 0.026 0.032 0.042 0.039 0.027 0.054 0.060 0.052 0.058 0.061 0.072 0.062 0.071 0.169 0.083 0.055 0.066 0.065 0.040 0.015 0.022 0.036 0.039 0.029 0.032 0.023 0.025 0.047 0.022
0.002 0.003 0.002 0.006 0.005 0.006 0.007 0.006 0.012 0.024 0.029 0.036 0.019 0.012 0.036 0.033 0.032 0.041 0.033 0.045 0.046 0.045 0.083 0.115 0.076 0.054 0.064 0.036 0.009 0.015 0.024 0.029 0.021 0.021 0.015 0.015 0.024 0.009
0.002 0.004 0.003 0.010 0.007 0.006 0.008 0.008 0.017 0.027 0.032 0.037 0.022 0.019 0.040 0.024 0.035 0.042 0.023 0.027 0.041 0.043 0.055 0.076 0.117 0.079 0.070 0.045 0.024 0.017 0.032 0.035 0.027 0.027 0.022 0.013 0.022 0.009
0.004 0.006 0.004 0.017 0.010 0.014 0.018 0.015 0.024 0.040 0.043 0.058 0.031 0.035 0.065 0.054 0.061 0.056 0.035 0.036 0.034 0.038 0.066 0.054 0.079 0.173 0.105 0.075 0.051 0.040 0.060 0.068 0.047 0.051 0.045 0.037 0.056 0.029
0.004 0.005 0.005 0.011 0.010 0.008 0.011 0.021 0.028 0.032 0.040 0.055 0.031 0.041 0.067 0.051 0.047 0.055 0.040 0.052 0.048 0.038 0.065 0.064 0.070 0.105 0.187 0.110 0.065 0.041 0.066 0.076 0.054 0.055 0.042 0.036 0.053 0.022
0.002 0.004 0.004 0.007 0.008 0.007 0.006 0.019 0.024 0.019 0.029 0.041 0.029 0.036 0.050 0.036 0.025 0.034 0.028 0.036 0.033 0.027 0.040 0.036 0.045 0.075 0.110 0.144 0.073 0.035 0.063 0.069 0.052 0.053 0.038 0.028 0.040 0.015
0.002 0.003 0.004 0.008 0.010 0.010 0.006 0.036 0.041 0.037 0.042 0.055 0.043 0.046 0.038 0.045 0.040 0.044 0.032 0.014 0.016 0.012 0.015 0.009 0.024 0.051 0.065 0.073 0.125 0.043 0.051 0.077 0.058 0.057 0.030 0.025 0.044 0.021
0.003 0.004 0.004 0.005 0.007 0.010 0.009 0.009 0.015 0.025 0.031 0.035 0.024 0.014 0.030 0.030 0.024 0.023 0.014 0.017 0.014 0.013 0.022 0.015 0.017 0.040 0.041 0.035 0.043 0.099 0.073 0.065 0.044 0.038 0.028 0.023 0.038 0.018
0.005 0.006 0.005 0.012 0.008 0.017 0.016 0.015 0.019 0.029 0.034 0.042 0.033 0.023 0.047 0.049 0.036 0.035 0.028 0.028 0.025 0.020 0.036 0.024 0.032 0.060 0.066 0.063 0.051 0.073 0.145 0.097 0.073 0.072 0.055 0.040 0.054 0.026
0.006 0.005 0.003 0.006 0.008 0.011 0.008 0.081 0.084 0.095 0.106 0.122 0.098 0.090 0.059 0.113 0.096 0.113 0.092 0.035 0.031 0.020 0.039 0.029 0.035 0.068 0.076 0.069 0.077 0.065 0.097 0.230 0.125 0.147 0.057 0.052 0.106 0.036
0.003 0.003 0.002 0.004 0.004 0.006 0.004 0.034 0.036 0.042 0.049 0.060 0.049 0.043 0.039 0.063 0.044 0.054 0.045 0.027 0.021 0.015 0.029 0.021 0.027 0.047 0.054 0.052 0.058 0.044 0.073 0.125 0.150 0.117 0.060 0.044 0.064 0.026
0.006 0.005 0.003 0.013 0.005 0.010 0.011 0.082 0.079 0.091 0.094 0.100 0.096 0.090 0.049 0.112 0.092 0.098 0.085 0.031 0.029 0.020 0.032 0.021 0.027 0.051 0.055 0.053 0.057 0.038 0.072 0.147 0.117 0.206 0.082 0.067 0.116 0.050
0.004 0.004 0.002 0.014 0.006 0.010 0.011 0.012 0.014 0.023 0.023 0.031 0.023 0.020 0.030 0.038 0.029 0.028 0.016 0.018 0.020 0.018 0.023 0.015 0.022 0.045 0.042 0.038 0.030 0.028 0.055 0.057 0.060 0.082 0.115 0.058 0.065 0.036
0.004 0.005 0.002 0.013 0.007 0.013 0.013 0.022 0.021 0.028 0.034 0.041 0.032 0.029 0.041 0.046 0.040 0.040 0.026 0.025 0.022 0.017 0.025 0.015 0.013 0.037 0.036 0.028 0.025 0.023 0.040 0.052 0.044 0.067 0.058 0.121 0.082 0.050
0.008 0.010 0.004 0.020 0.011 0.016 0.018 0.067 0.067 0.081 0.089 0.100 0.091 0.079 0.062 0.103 0.093 0.097 0.079 0.035 0.036 0.026 0.047 0.024 0.022 0.056 0.053 0.040 0.044 0.038 0.054 0.106 0.064 0.116 0.065 0.082 0.220 0.099
0.005 0.007 0.002 0.014 0.005 0.010 0.013 0.023 0.022 0.034 0.034 0.038 0.035 0.028 0.034 0.046 0.043 0.039 0.029 0.015 0.015 0.011 0.022 0.009 0.009 0.029 0.022 0.015 0.021 0.018 0.026 0.036 0.026 0.050 0.036 0.050 0.099 0.101
