1.000000000000000000e+00 0.000000000000000000e+00 0.000000000000000000e+00
2.000000000000000000e+00 6.459016393442622295e-02 2.800135387719490665e-02
3.000000000000000000e+00 8.098360655737704347e-03 3.871013742538173281e-03
4.000000000000000000e+00 3.803278688524589987e-03 2.874328192711109002e-03
5.000000000000000000e+00 3.278688524590164203e-05 6.103329357642819225e-05
6.000000000000000000e+00 3.934426229508196501e-04 4.331655514402803784e-04
7.000000000000000000e+00 1.163934426229508261e-02 4.201677345626398177e-03
8.000000000000000000e+00 8.819672131147541366e-03 2.483851302254178744e-03
9.000000000000000000e+00 8.278688524590163689e-02 3.493626632435874180e-02
1.000000000000000000e+01 1.092786885245901618e-01 3.148526428874089123e-02
1.100000000000000000e+01 1.261639344262295015e-01 3.715075833083643364e-02
1.200000000000000000e+01 1.039344262295082005e-01 1.608542360607655847e-02
1.300000000000000000e+01 1.334426229508196664e-02 2.603390448838443540e-03
1.400000000000000000e+01 2.639344262295081900e-02 9.947835261784096494e-03
1.500000000000000000e+01 8.560655737704918333e-02 1.053015102650345022e-02
1.600000000000000000e+01 6.095081967213114571e-02 9.888731348837220825e-03
1.700000000000000000e+01 9.885245901639344579e-02 2.642757071380313211e-02
1.800000000000000000e+01 2.777049180327868794e-02 5.478813712362428506e-03
1.900000000000000000e+01 8.088524590163934103e-02 5.157555348079784045e-03
2.000000000000000000e+01 2.281967213114753992e-02 5.839463017405736173e-03
2.100000000000000000e+01 1.032786885245901704e-02 2.235074066463237780e-03
2.200000000000000000e+01 3.586885245901639402e-02 1.845864170354977966e-03
2.300000000000000000e+01 3.645901639344262257e-02 8.606653658761311693e-03
2.400000000000000000e+01 1.950819672131147431e-02 2.981512328843170974e-03
2.500000000000000000e+01 2.078688524590164080e-02 2.265480587730575850e-03
2.600000000000000000e+01 2.150491803278688496e-01 1.281235914327372508e-02
2.700000000000000000e+01 1.371475409836065695e-01 3.627337038965238597e-02
2.800000000000000000e+01 8.160655737704917978e-02 3.418842953193251821e-02
2.900000000000000000e+01 7.009836065573769870e-02 3.649947953975805209e-02
3.000000000000000000e+01 5.826229508196721640e-02 3.056901411808348595e-02
3.100000000000000000e+01 6.698360655737704838e-02 2.532054096046469638e-02
3.200000000000000000e+01 5.813114754098360620e-02 8.739756992025756246e-03
3.300000000000000000e+01 4.396721311475410010e-02 2.953107918962398319e-03
3.400000000000000000e+01 4.603278688524590351e-02 1.962393880495082003e-03
3.500000000000000000e+01 6.419672131147541316e-02 4.490856305126917324e-03
3.600000000000000000e+01 7.114754098360655254e-02 1.157046416702908233e-02
3.700000000000000000e+01 9.770491803278689297e-03 4.366407204851588050e-03
3.800000000000000000e+01 0.000000000000000000e+00 0.000000000000000000e+00
