1.000000000000000000e+00 1.249142072752230763e-02 9.103874247957844876e-03
2.000000000000000000e+00 3.477465110958590302e-03 8.755211076870425329e-04
3.000000000000000000e+00 5.719514985129261347e-03 1.450179203814198816e-03
4.000000000000000000e+00 4.895904827270647353e-03 1.000403463572510860e-03
5.000000000000000000e+00 4.575611988103409035e-04 2.496745399868569005e-04
6.000000000000000000e+00 2.287805994051704626e-03 5.421968256947451046e-04
7.000000000000000000e+00 5.948295584534431637e-04 5.072538456130274527e-04
8.000000000000000000e+00 3.202928391672386216e-03 7.836640923760696811e-04
9.000000000000000000e+00 1.075268817204300988e-02 2.222956620588798556e-03
1.000000000000000000e+01 9.530999771219399175e-02 3.571984843455457137e-02
1.100000000000000000e+01 3.413406543125142856e-02 4.210649332227755191e-03
1.200000000000000000e+01 2.466254861587737282e-02 5.280038081554309232e-03
1.300000000000000000e+01 1.555708075955159093e-02 5.633306799524929152e-03
1.400000000000000000e+01 6.460764127202013596e-02 9.235396281347636044e-03
1.500000000000000000e+01 9.929078014184397616e-03 2.073389926938848729e-03
1.600000000000000000e+01 1.121024937085335002e-02 5.522854942045351233e-03
1.700000000000000000e+01 7.000686341798215487e-03 2.535998469879692692e-03
1.800000000000000000e+01 4.850148707389613512e-02 5.668155601738060663e-03
1.900000000000000000e+01 1.281171356668954486e-02 2.797239608048906340e-03
2.000000000000000000e+01 1.002059025394646564e-02 1.411572906525174198e-03
2.100000000000000000e+01 2.008693662777396444e-02 5.026476929868914714e-03
2.200000000000000000e+01 1.807366735300846433e-02 2.778382142711803126e-03
2.300000000000000000e+01 8.510638297872340566e-03 2.170134487613713508e-03
2.400000000000000000e+01 6.771905742393045415e-03 1.014798118399781214e-03
2.500000000000000000e+01 4.529855868222374370e-03 1.021841426720172114e-03
2.600000000000000000e+01 6.680393502630977386e-03 1.277525116482624602e-03
2.700000000000000000e+01 3.514070006863417861e-02 7.947275409886567568e-03
2.800000000000000000e+01 1.043239533287577264e-02 2.023731913513532581e-03
2.900000000000000000e+01 1.148478609013955584e-02 2.799660913500093100e-03
3.000000000000000000e+01 2.562342713337909146e-03 5.857806067597194459e-04
3.100000000000000000e+01 1.185083504918782969e-02 2.119823279351293246e-03
3.200000000000000000e+01 3.065660032029283739e-03 8.441581505852583647e-04
3.300000000000000000e+01 2.036147334706017026e-02 7.513607237618414800e-03
3.400000000000000000e+01 1.134751773049645467e-02 2.155398795486164563e-03
3.500000000000000000e+01 1.775337451384122536e-02 2.035207777349192209e-03
3.600000000000000000e+01 1.537405628002745488e-02 3.282529759190772056e-03
3.700000000000000000e+01 8.922443376801647563e-03 1.717284193842594881e-03
3.800000000000000000e+01 1.811942347288949748e-02 2.759550487687571687e-03
