1.000000000000000000e+00 8.441664147345409944e-03 4.309896084899090055e-03
2.000000000000000000e+00 5.930094648961652115e-03 1.836077499166771263e-03
3.000000000000000000e+00 4.744075719169321692e-03 8.513498405192964670e-04
4.000000000000000000e+00 4.674309899769773201e-03 9.387587088991499254e-04
5.000000000000000000e+00 3.720843701309271660e-04 1.132523795509256611e-04
6.000000000000000000e+00 1.651124392455989489e-03 3.133091082467782452e-04
7.000000000000000000e+00 3.488290969977442453e-04 2.831437742936253332e-04
8.000000000000000000e+00 4.581288807237041301e-03 1.893888604934600281e-03
9.000000000000000000e+00 7.697495407083556479e-03 1.281787412385897509e-03
1.000000000000000000e+01 5.267319364665937892e-02 1.911735964559264922e-02
1.100000000000000000e+01 2.674356410316039087e-02 2.722842236850829805e-03
1.200000000000000000e+01 2.004604544080370102e-02 3.882316593229111473e-03
1.300000000000000000e+01 9.581172530871375284e-03 2.938798206619103182e-03
1.400000000000000000e+01 4.388270040231622565e-02 5.890550013713682573e-03
1.500000000000000000e+01 6.767284481756238347e-03 1.167863564249594418e-03
1.600000000000000000e+01 6.813795028022604297e-03 3.276286839548120909e-03
1.700000000000000000e+01 4.651054626636589792e-03 1.755453336335846895e-03
1.800000000000000000e+01 2.688309574195948959e-02 3.855464827447225174e-03
1.900000000000000000e+01 1.120904165019418093e-02 2.394558568119146101e-03
2.000000000000000000e+01 6.790539754889420888e-03 7.723247171498608859e-04
2.100000000000000000e+01 1.365084532917839114e-02 3.065116491687037113e-03
2.200000000000000000e+01 1.183693402479012169e-02 1.430683971490287389e-03
2.300000000000000000e+01 4.767330992302504233e-03 1.179791335068315671e-03
2.400000000000000000e+01 4.325480802772028142e-03 6.014764211427955356e-04
2.500000000000000000e+01 3.395269877444710444e-03 8.382369924056832546e-04
2.600000000000000000e+01 4.162693890839747751e-03 7.806360076037023067e-04
2.700000000000000000e+01 2.069719308853282605e-02 5.543135749919533839e-03
2.800000000000000000e+01 6.232413199693030356e-03 1.033330471606173874e-03
2.900000000000000000e+01 7.627729587684007120e-03 1.515698296349406605e-03
3.000000000000000000e+01 2.953419687914234353e-03 7.171642346761769897e-04
3.100000000000000000e+01 9.930001627869118608e-03 1.392965069341821262e-03
3.200000000000000000e+01 2.511569498383758696e-03 6.527725896176922666e-04
3.300000000000000000e+01 1.269737913071788959e-02 3.542326781691839885e-03
3.400000000000000000e+01 1.127880746959373029e-02 2.596990570451732702e-03
3.500000000000000000e+01 1.630194646636124595e-02 2.756703044293449655e-03
3.600000000000000000e+01 1.106951001139508395e-02 2.537961691472303064e-03
3.700000000000000000e+01 8.534685239878141844e-03 1.586786789565925631e-03
3.800000000000000000e+01 1.255784749191879261e-02 1.599468823056461901e-03
