1.000000000000000000e+00 1.299473804621368092e-02 8.763498300959420353e-03
2.000000000000000000e+00 4.667124227865477280e-03 1.041066897870131973e-03
3.000000000000000000e+00 6.588881262868909357e-03 1.461844095702917283e-03
4.000000000000000000e+00 6.085563944177533463e-03 1.051531292962884284e-03
5.000000000000000000e+00 1.326927476549988588e-03 3.408151168046149801e-04
6.000000000000000000e+00 5.033173186913749396e-03 1.191064964077600879e-03
7.000000000000000000e+00 5.994051704415465434e-03 4.504620313710266943e-03
8.000000000000000000e+00 6.863417982155114311e-03 1.700853162984506100e-03
9.000000000000000000e+00 1.336078700526195477e-02 2.429726747716010743e-03
1.000000000000000000e+01 1.013955616563715495e-01 3.542469000799191442e-02
1.100000000000000000e+01 3.770304278197209036e-02 4.393388420966247779e-03
1.200000000000000000e+01 1.013040494166094763e-01 2.364371491930454192e-02
1.300000000000000000e+01 2.489132921528254203e-02 4.231143536767869445e-03
1.400000000000000000e+01 7.453671928620453357e-02 1.001457784368509248e-02
1.500000000000000000e+01 2.223747426218256398e-02 5.567792791204071237e-03
1.600000000000000000e+01 1.903454587051018124e-02 5.801934396713760711e-03
1.700000000000000000e+01 1.198810340883093087e-02 3.506842667148725619e-03
1.800000000000000000e+01 6.341798215511325332e-02 6.260158253411677969e-03
1.900000000000000000e+01 2.251201098146877327e-02 4.110042621405951384e-03
2.000000000000000000e+01 2.031571722717913711e-02 3.543015079074053782e-03
2.100000000000000000e+01 2.690459849004804560e-02 5.318694658475953997e-03
2.200000000000000000e+01 2.891786776481354224e-02 5.351003461478744117e-03
2.300000000000000000e+01 1.194234728894989772e-02 2.277334222144979277e-03
2.400000000000000000e+01 1.221688400823610181e-02 1.662280068302862202e-03
2.500000000000000000e+01 2.200869366277739478e-02 6.245358709457061140e-03
2.600000000000000000e+01 1.134751773049645467e-02 1.850889785025219836e-03
2.700000000000000000e+01 4.863875543353923803e-02 1.066536267099251617e-02
2.800000000000000000e+01 1.532830016014641999e-02 2.340297529065273659e-03
2.900000000000000000e+01 1.551132463967055605e-02 2.968330460129074526e-03
3.000000000000000000e+01 1.244566460764127101e-02 3.831011907070840366e-03
3.100000000000000000e+01 2.296957218027911168e-02 3.470876863336707589e-03
3.200000000000000000e+01 9.837565774422329587e-03 4.016239485112338761e-03
3.300000000000000000e+01 3.120567375886524816e-02 1.242464224420352335e-02
3.400000000000000000e+01 1.775337451384122536e-02 2.645493569159326069e-03
3.500000000000000000e+01 2.081903454587050867e-02 2.158664856219214695e-03
3.600000000000000000e+01 2.859757492564630327e-02 6.504365641706077832e-03
3.700000000000000000e+01 1.473347060169297694e-02 1.886288107717842746e-03
3.800000000000000000e+01 1.834820407229466668e-02 2.773134739595226224e-03
