1.000000000000000000e+00 3.606557377049180216e-04 1.422727463557773480e-04
2.000000000000000000e+00 8.524590163934426656e-04 3.738443589847613717e-04
3.000000000000000000e+00 6.229508196721311036e-04 1.922855940718606806e-04
4.000000000000000000e+00 8.524590163934426656e-04 2.530114803717951107e-04
5.000000000000000000e+00 6.229508196721311036e-04 1.683312981504506156e-04
6.000000000000000000e+00 1.967213114754098359e-03 7.339660833236834152e-04
7.000000000000000000e+00 3.868852459016393353e-03 3.216871992238888762e-03
8.000000000000000000e+00 2.622950819672131145e-03 1.072341768969717205e-03
9.000000000000000000e+00 1.868852459016393528e-03 4.736723985381413593e-04
1.000000000000000000e+01 4.360655737704917725e-03 8.326198607413848969e-04
1.100000000000000000e+01 2.557377049180327780e-03 6.824677977791282100e-04
1.200000000000000000e+01 5.491803278688524304e-02 2.412592622277485305e-02
1.300000000000000000e+01 6.688524590163934594e-03 9.380172056219773184e-04
1.400000000000000000e+01 7.114754098360655601e-03 1.568252713588303262e-03
1.500000000000000000e+01 8.819672131147541366e-03 5.168501779243475994e-03
1.600000000000000000e+01 5.606557377049179933e-03 1.170714081094036650e-03
1.700000000000000000e+01 3.573770491803278642e-03 1.275497492911295333e-03
1.800000000000000000e+01 1.068852459016393468e-02 3.448598060813727519e-03
1.900000000000000000e+01 6.950819672131147188e-03 2.064808478721018130e-03
2.000000000000000000e+01 7.377049180327869063e-03 1.985427530761597545e-03
2.100000000000000000e+01 4.885245901639344648e-03 8.651513113099233536e-04
2.200000000000000000e+01 7.770491803278688388e-03 2.625022940213298135e-03
2.300000000000000000e+01 2.459016393442623166e-03 5.614957540498201598e-04
2.400000000000000000e+01 3.901639344262295035e-03 9.416524261995794969e-04
2.500000000000000000e+01 1.252459016393442544e-02 4.228123843820286512e-03
2.600000000000000000e+01 3.344262295081967297e-03 7.474332829401900873e-04
2.700000000000000000e+01 9.672131147540983381e-03 3.074232733838261952e-03
2.800000000000000000e+01 3.508196721311475277e-03 5.493482056155616451e-04
2.900000000000000000e+01 2.885245901639344173e-03 5.195528598081301319e-04
3.000000000000000000e+01 7.081967213114753919e-03 2.484482483433041958e-03
3.100000000000000000e+01 7.967213114754097616e-03 1.742066318876909917e-03
3.200000000000000000e+01 4.852459016393442966e-03 2.801184043850613644e-03
3.300000000000000000e+01 7.770491803278688388e-03 3.943921140034857380e-03
3.400000000000000000e+01 4.590163934426229504e-03 9.078294423504776160e-04
3.500000000000000000e+01 2.196721311475409704e-03 4.439442567772922360e-04
3.600000000000000000e+01 9.475409836065573285e-03 3.564886363247882911e-03
3.700000000000000000e+01 4.163934426229508497e-03 5.709226556120166815e-04
3.800000000000000000e+01 1.639344262295081966e-04 7.309063318790447249e-05
