1.000000000000000000e+00 9.311475409836065739e-03 6.279549356310430534e-03
2.000000000000000000e+00 3.344262295081967297e-03 7.459841656705487774e-04
3.000000000000000000e+00 4.721311475409836235e-03 1.047495170871713330e-03
4.000000000000000000e+00 4.360655737704917725e-03 7.534825051706178821e-04
5.000000000000000000e+00 9.508196721311474968e-04 2.442135861562244842e-04
6.000000000000000000e+00 3.606557377049180325e-03 8.534663865546223945e-04
7.000000000000000000e+00 4.295081967213114360e-03 3.227818916594683753e-03
8.000000000000000000e+00 4.918032786885246331e-03 1.218758881213980816e-03
9.000000000000000000e+00 9.573770491803279201e-03 1.741038625289619219e-03
1.000000000000000000e+01 7.265573770491803862e-02 2.538382295490699062e-02
1.100000000000000000e+01 2.701639344262295184e-02 3.148114883285812581e-03
1.200000000000000000e+01 7.259016393442623005e-02 1.694207834627543124e-02
1.300000000000000000e+01 1.783606557377049109e-02 3.031857114624977693e-03
1.400000000000000000e+01 5.340983606557377084e-02 7.176019631925825530e-03
1.500000000000000000e+01 1.593442622950819523e-02 3.989642998418523046e-03
1.600000000000000000e+01 1.363934426229508265e-02 4.157418893120629934e-03
1.700000000000000000e+01 8.590163934426228720e-03 2.512853983296243262e-03
1.800000000000000000e+01 4.544262295081967495e-02 4.485762577977450531e-03
1.900000000000000000e+01 1.613114754098360706e-02 2.945081360354985869e-03
2.000000000000000000e+01 1.455737704918032803e-02 2.538773591906998486e-03
2.100000000000000000e+01 1.927868852459016513e-02 3.811149893803015328e-03
2.200000000000000000e+01 2.072131147540983570e-02 3.834301004938292859e-03
2.300000000000000000e+01 8.557377049180327905e-03 1.631840636884541486e-03
2.400000000000000000e+01 8.754098360655738001e-03 1.191119045664230675e-03
2.500000000000000000e+01 1.577049180327868769e-02 4.475157855579806228e-03
2.600000000000000000e+01 8.131147540983606897e-03 1.326268729564791414e-03
2.700000000000000000e+01 3.485245901639344446e-02 7.642344300804637842e-03
2.800000000000000000e+01 1.098360655737704895e-02 1.676957458941690394e-03
2.900000000000000000e+01 1.111475409836065568e-02 2.126979088725276020e-03
3.000000000000000000e+01 8.918032786885245547e-03 2.745139843574859878e-03
3.100000000000000000e+01 1.645901639344262216e-02 2.487082421253236121e-03
3.200000000000000000e+01 7.049180327868852236e-03 2.877866031053448199e-03
3.300000000000000000e+01 2.236065573770491810e-02 8.902969057280916282e-03
3.400000000000000000e+01 1.272131147540983553e-02 1.895647932917281274e-03
3.500000000000000000e+01 1.491803278688524567e-02 1.546807227300685738e-03
3.600000000000000000e+01 2.049180327868852305e-02 4.660751183589716649e-03
3.700000000000000000e+01 1.055737704918032795e-02 1.351633658825358289e-03
3.800000000000000000e+01 1.314754098360655654e-02 1.987110155208317817e-03
