1.0000 0.0265 0.0105
2.0000 0.0123 0.0018
3.0000 0.0158 0.0023
4.0000 0.0530 0.0085
5.0000 0.0335 0.0038
6.0000 0.0406 0.0052
7.0000 0.0325 0.0069
8.0000 0.1326 0.0232
9.0000 0.1368 0.0238
10.0000 0.1901 0.0313
11.0000 0.1550 0.0129
12.0000 0.2230 0.0266
13.0000 0.2015 0.0482
14.0000 0.2142 0.0321
15.0000 0.2247 0.0200
16.0000 0.2005 0.0185
17.0000 0.1393 0.0092
18.0000 0.2736 0.0494
19.0000 0.0792 0.0073
20.0000 0.0889 0.0133
21.0000 0.0876 0.0108
22.0000 0.0707 0.0062
23.0000 0.1642 0.0235
24.0000 0.0855 0.0177
25.0000 0.0681 0.0069
26.0000 0.1383 0.0090
27.0000 0.1448 0.0226
28.0000 0.0926 0.0129
29.0000 0.0730 0.0069
30.0000 0.0581 0.0061
31.0000 0.0777 0.0073
32.0000 0.1405 0.0133
33.0000 0.1024 0.0130
34.0000 0.1503 0.0360
35.0000 0.0817 0.0107
36.0000 0.0725 0.0066
37.0000 0.2335 0.0289
38.0000 0.0000 0.0000
