1.000000000000000000e+00 1.898360655737705086e-02 7.515499065996255473e-03
2.000000000000000000e+00 8.819672131147541366e-03 1.284567458645845825e-03
3.000000000000000000e+00 1.131147540983606578e-02 1.654403816592297724e-03
4.000000000000000000e+00 3.796721311475410171e-02 6.113394806307425634e-03
5.000000000000000000e+00 2.403278688524590131e-02 2.743378559079359940e-03
6.000000000000000000e+00 2.908196721311475524e-02 3.750925511524298185e-03
7.000000000000000000e+00 2.331147540983606603e-02 4.976810806895637894e-03
8.000000000000000000e+00 9.501639344262295672e-02 1.662550336148677782e-02
9.000000000000000000e+00 9.803278688524590112e-02 1.702151794065924484e-02
1.000000000000000000e+01 1.361967213114754216e-01 2.246077702413019905e-02
1.100000000000000000e+01 1.110819672131147517e-01 9.219733312721082458e-03
1.200000000000000000e+01 1.598032786885245915e-01 1.908321384473857241e-02
1.300000000000000000e+01 1.443934426229508128e-01 3.453442800056785722e-02
1.400000000000000000e+01 1.535081967213114684e-01 2.300334359176276280e-02
1.500000000000000000e+01 1.609836065573770625e-01 1.434675525469113894e-02
1.600000000000000000e+01 1.436393442622950767e-01 1.324481256685999461e-02
1.700000000000000000e+01 9.983606557377049107e-02 6.598263072548664170e-03
1.800000000000000000e+01 1.960327868852458910e-01 3.537229663121169848e-02
1.900000000000000000e+01 5.672131147540983298e-02 5.257149179766278276e-03
2.000000000000000000e+01 6.367213114754098624e-02 9.508394232188776760e-03
2.100000000000000000e+01 6.275409836065573566e-02 7.713962592193901111e-03
2.200000000000000000e+01 5.068852459016393724e-02 4.466146699999506975e-03
2.300000000000000000e+01 1.176393442622950813e-01 1.685491351191534953e-02
2.400000000000000000e+01 6.127868852459016080e-02 1.270991151887194796e-02
2.500000000000000000e+01 4.878688524590164138e-02 4.975743374947093692e-03
2.600000000000000000e+01 9.908196721311475497e-02 6.434418189714684842e-03
2.700000000000000000e+01 1.037377049180327887e-01 1.621392404663927339e-02
2.800000000000000000e+01 6.636065573770491555e-02 9.224001057777996698e-03
2.900000000000000000e+01 5.232786885245901964e-02 4.957922755817338427e-03
3.000000000000000000e+01 4.160655737704917895e-02 4.348875826999807487e-03
3.100000000000000000e+01 5.570491803278688342e-02 5.251787874790915002e-03
3.200000000000000000e+01 1.006557377049180357e-01 9.511976308307379738e-03
3.300000000000000000e+01 7.334426229508196615e-02 9.312368528086471808e-03
3.400000000000000000e+01 1.077049180327868810e-01 2.577588458473122762e-02
3.500000000000000000e+01 5.852459016393442293e-02 7.651333247856667227e-03
3.600000000000000000e+01 5.193442622950819598e-02 4.706588069082751069e-03
3.700000000000000000e+01 1.673442622950819803e-01 2.067692377466726072e-02
3.800000000000000000e+01 0.000000000000000000e+00 0.000000000000000000e+00
