1.000000000000000000e+00 0.000000000000000000e+00 0.000000000000000000e+00
2.000000000000000000e+00 6.557377049180328405e-05 1.219510449458754026e-04
3.000000000000000000e+00 6.557377049180328405e-05 1.219510449458754026e-04
4.000000000000000000e+00 1.428852459016393406e-01 1.956143133436855433e-02
5.000000000000000000e+00 2.028852459016393384e-01 2.835317464440699139e-02
6.000000000000000000e+00 2.333114754098360721e-01 2.962073296990381729e-02
7.000000000000000000e+00 2.443934426229508183e-01 2.542048083631290659e-02
8.000000000000000000e+00 2.585901639344262426e-01 2.006915095547849581e-02
9.000000000000000000e+00 2.760000000000000231e-01 1.942241864966488471e-02
1.000000000000000000e+01 2.374098360655737816e-01 1.947611835870769956e-02
1.100000000000000000e+01 1.788524590163934336e-01 2.082341176453130285e-02
1.200000000000000000e+01 2.054754098360655756e-01 1.502769763796082611e-02
1.300000000000000000e+01 2.181311475409836165e-01 1.488403951037346913e-02
1.400000000000000000e+01 2.751803278688524368e-01 1.591935466221088349e-02
1.500000000000000000e+01 2.548852459016393568e-01 2.109035137842334845e-02
1.600000000000000000e+01 2.179344262295082046e-01 2.087812494951849646e-02
1.700000000000000000e+01 1.831475409836065549e-01 2.082832811500515482e-02
1.800000000000000000e+01 1.841311475409836140e-01 2.071626343035373394e-02
1.900000000000000000e+01 1.996721311475409821e-01 1.949564250969564386e-02
2.000000000000000000e+01 2.311147540983606585e-01 2.443657552316210596e-02
2.100000000000000000e+01 2.199672131147540899e-01 2.443741396900434015e-02
2.200000000000000000e+01 1.896065573770491786e-01 2.239723085693181431e-02
2.300000000000000000e+01 1.582950819672131193e-01 1.395327407235590240e-02
2.400000000000000000e+01 1.142295081967213133e-01 1.115131993947290900e-02
2.500000000000000000e+01 1.140655737704917988e-01 1.240493097878394776e-02
2.600000000000000000e+01 1.007868852459016390e-01 1.205606087564226221e-02
2.700000000000000000e+01 1.174426229508196695e-01 1.452277644039595174e-02
2.800000000000000000e+01 1.479999999999999927e-01 1.639323797117142947e-02
2.900000000000000000e+01 2.357704918032786923e-01 1.700779086095391066e-02
3.000000000000000000e+01 1.972459016393442732e-01 1.674433630941640425e-02
3.100000000000000000e+01 1.440327868852459003e-01 1.375147941606733731e-02
3.200000000000000000e+01 1.322295081967213015e-01 1.129665515004441532e-02
3.300000000000000000e+01 6.432786885245901642e-02 1.092469357599162340e-02
3.400000000000000000e+01 1.091475409836065585e-01 1.024222844317157835e-02
3.500000000000000000e+01 1.007540983606557417e-01 9.161730714355734162e-03
3.600000000000000000e+01 8.370491803278688747e-02 7.275030748056128364e-03
3.700000000000000000e+01 0.000000000000000000e+00 0.000000000000000000e+00
3.800000000000000000e+01 0.000000000000000000e+00 0.000000000000000000e+00
