0.0080 1.2437 1.0444 1.4431
0.0160 1.0813 0.9540 1.2085
0.0240 1.0159 0.9199 1.1119
0.0320 1.2239 1.1019 1.3459
0.0400 1.3380 1.1857 1.4902
0.0480 1.3325 1.2003 1.4647
0.0560 1.2845 1.1677 1.4012
0.0640 1.2851 1.1857 1.3845
0.0720 1.2404 1.1458 1.3350
0.0800 1.1833 1.0914 1.2751
0.0880 1.1776 1.0925 1.2626
0.0960 1.1285 1.0448 1.2123
0.1040 1.0947 0.9984 1.1910
0.1120 1.0835 0.9909 1.1761
0.1200 1.1765 1.0768 1.2761
0.1280 1.1669 1.0695 1.2644
0.1360 1.1738 1.0787 1.2690
0.1440 1.2008 1.1074 1.2942
0.1520 1.2273 1.1370 1.3177
0.1600 1.3231 1.2095 1.4367
0.1680 1.3352 1.2209 1.4495
0.1760 1.3152 1.2065 1.4240
0.1840 1.3055 1.1986 1.4125
0.1920 1.3483 1.2453 1.4512
0.2000 1.4449 1.3077 1.5821
0.2080 1.5390 1.3466 1.7314
0.2160 1.5701 1.3773 1.7628
0.2240 1.6304 1.4376 1.8232
0.2320 1.6714 1.4744 1.8684
0.2400 1.7088 1.5153 1.9023
0.2480 1.6821 1.4968 1.8673
0.2560 1.6725 1.4944 1.8506
0.2640 1.6606 1.4825 1.8387
0.2720 1.6532 1.4813 1.8251
0.2800 1.6453 1.4798 1.8107
0.2880 1.6630 1.5032 1.8228
0.2960 1.6724 1.5126 1.8322
0.3040 1.6919 1.5373 1.8466
0.3120 1.7094 1.5580 1.8609
0.3200 1.7159 1.5688 1.8629
0.3280 1.7453 1.5991 1.8916
0.3360 1.7676 1.6214 1.9138
0.3440 1.8435 1.6993 1.9877
0.3520 1.8936 1.6761 2.1111
0.3600 1.9357 1.7182 2.1532
0.3680 1.9619 1.7444 2.1793
0.3760 1.9581 1.7315 2.1846
0.3840 1.9712 1.7446 2.1977
0.3920 1.9702 1.7558 2.1846
0.4000 2.0193 1.8049 2.2337
0.4080 2.0574 1.8430 2.2718
0.4160 2.0753 1.8514 2.2992
0.4240 2.1162 1.8923 2.3401
0.4320 2.1450 1.9195 2.3704
0.4400 2.1615 1.9360 2.3869
0.4480 2.1768 1.9513 2.4022
0.4560 2.1914 1.9722 2.4106
0.4640 2.2028 1.9836 2.4219
0.4720 2.2151 2.0031 2.4271
0.4800 2.2173 2.0054 2.4293
0.4880 2.1976 1.9857 2.4096
0.4960 2.1800 1.9758 2.3842
0.5040 2.1673 1.9631 2.3715
0.5120 2.1492 1.9491 2.3494
0.5200 2.1370 1.9368 2.3371
0.5280 2.1282 1.9280 2.3283
0.5360 2.1211 1.9273 2.3149
0.5440 2.1083 1.9145 2.3021
0.5520 2.1139 1.9201 2.3078
0.5600 2.1203 1.9335 2.3072
0.5680 2.1452 1.9584 2.3320
0.5760 2.1807 1.9931 2.3683
0.5840 2.2242 2.0366 2.4118
0.5920 2.2555 2.0679 2.4431
0.6000 2.2940 2.0713 2.5167
0.6080 2.3577 2.1529 2.5625
0.6160 2.3807 2.0842 2.6772
0.6240 2.3884 2.0919 2.6849
0.6320 2.4341 2.1376 2.7306
0.6400 2.4536 2.1570 2.7501
0.6480 2.4508 2.1543 2.7473
0.6560 2.4381 2.1541 2.7220
0.6640 2.4289 2.1449 2.7128
0.6720 2.4288 2.1449 2.7128
0.6800 2.4382 2.1543 2.7221
0.6880 2.4388 2.1549 2.7228
0.6960 2.4302 2.1463 2.7142
0.7040 2.4321 2.1652 2.6989
0.7120 2.4407 2.1738 2.7076
0.7200 2.4466 2.1797 2.7134
0.7280 2.4491 2.1822 2.7160
0.7360 2.4412 2.1743 2.7081
0.7440 2.4330 2.1812 2.6848
0.7520 2.4222 2.1705 2.6740
0.7600 2.4201 2.1684 2.6719
0.7680 2.4211 2.1693 2.6729
0.7760 2.4201 2.1683 2.6719
0.7840 2.4112 2.1718 2.6505
0.7920 2.4014 2.1620 2.6407
0.8000 2.3869 2.1476 2.6263
0.8080 2.3750 2.1357 2.6144
0.8160 2.3633 2.1239 2.6026
0.8240 2.3612 2.1285 2.5940
0.8320 2.3658 2.1330 2.5985
0.8400 2.3690 2.1363 2.6017
0.8480 2.3686 2.1359 2.6013
0.8560 2.3670 2.1342 2.5997
0.8640 2.3760 2.1545 2.5974
0.8720 2.3842 2.1627 2.6056
0.8800 2.3842 2.1627 2.6056
0.8880 2.3859 2.1645 2.6074
0.8960 2.3946 2.1732 2.6161
0.9040 2.4037 2.1908 2.6165
0.9120 2.4035 2.1907 2.6164
0.9200 2.4080 2.1952 2.6209
0.9280 2.4140 2.2011 2.6269
0.9360 2.4303 2.2174 2.6432
0.9440 2.4371 2.2302 2.6441
0.9520 2.4441 2.2372 2.6511
0.9600 2.4484 2.2414 2.6553
0.9680 2.4544 2.2475 2.6614
0.9760 2.4509 2.2440 2.6579
0.9840 2.4491 2.2505 2.6476
0.9920 2.4664 2.2679 2.6650
1.0000 2.4778 2.2793 2.6764
1.0080 2.4891 2.2905 2.6876
1.0160 2.4971 2.2986 2.6956
1.0240 2.4995 2.3023 2.6966
1.0320 2.4927 2.2956 2.6898
1.0400 2.4857 2.2886 2.6828
1.0480 2.4787 2.2816 2.6758
1.0560 2.4830 2.2859 2.6801
1.0640 2.4799 2.2828 2.6770
1.0720 2.4732 2.2827 2.6636
1.0800 2.4719 2.2814 2.6623
1.0880 2.4678 2.2773 2.6582
1.0960 2.4647 2.2743 2.6552
1.1040 2.4603 2.2698 2.6507
1.1120 2.4524 2.2680 2.6369
1.1200 2.4443 2.2598 2.6287
1.1280 2.4358 2.2514 2.6203
1.1360 2.4289 2.2445 2.6134
1.1440 2.4207 2.2362 2.6051
1.1520 2.4150 2.2327 2.5973
1.1600 2.4094 2.2272 2.5917
1.1680 2.4061 2.2238 2.5884
1.1760 2.4017 2.2194 2.5840
1.1840 2.3991 2.2168 2.5813
1.1920 2.3941 2.2171 2.5711
1.2000 2.3834 2.2064 2.5604
1.2080 2.3738 2.1968 2.5508
1.2160 2.3662 2.1892 2.5432
1.2240 2.3545 2.1776 2.5315
1.2320 2.3434 2.1652 2.5217
1.2400 2.3332 2.1550 2.5114
1.2480 2.3223 2.1009 2.5437
1.2560 2.3157 2.0943 2.5371
1.2640 2.3097 2.0883 2.5311
1.2720 2.3013 2.0799 2.5227
1.2800 2.3007 2.0793 2.5221
1.2880 2.2947 2.0733 2.5161
1.2960 2.2963 2.0748 2.5177
1.3040 2.2961 2.0747 2.5175
1.3120 2.2932 2.0789 2.5075
1.3200 2.2918 2.0775 2.5061
1.3280 2.2927 2.0784 2.5070
1.3360 2.2936 2.0793 2.5079
1.3440 2.3040 2.0897 2.5183
1.3520 2.2987 2.0844 2.5130
1.3600 2.2935 2.0792 2.5078
1.3680 2.2952 2.0809 2.5095
1.3760 2.2915 2.0772 2.5058
1.3840 2.2852 2.0709 2.4995
1.3920 2.2827 2.0684 2.4970
1.4000 2.2807 2.0791 2.4822
1.4080 2.2829 2.0813 2.4845
1.4160 2.2859 2.0844 2.4875
1.4240 2.2901 2.0885 2.4917
1.4320 2.2904 2.0888 2.4920
1.4400 2.2930 2.0915 2.4946
1.4480 2.3006 2.0990 2.5021
1.4560 2.3042 2.1026 2.5058
1.4640 2.3080 2.1065 2.5096
1.4720 2.3073 2.1057 2.5089
1.4800 2.3047 2.1494 2.4600
1.4880 2.2994 2.1078 2.4911
1.4960 2.2947 2.1030 2.4863
1.5040 2.2878 2.0961 2.4794
1.5120 2.2859 2.0942 2.4775
1.5200 2.2835 2.0918 2.4752
1.5281 2.2824 2.0908 2.4741
1.5361 2.2810 2.0894 2.4727
1.5441 2.2811 2.0894 2.4727
1.5521 2.2794 2.0877 2.4711
1.5601 2.2744 2.0906 2.4582
1.5681 2.2761 2.0923 2.4599
1.5761 2.2781 2.0943 2.4620
1.5841 2.2758 2.0920 2.4596
1.5921 2.2785 2.0947 2.4624
1.6001 2.2817 2.1366 2.4268
1.6081 2.2839 2.1388 2.4289
1.6161 2.2908 2.1457 2.4359
1.6241 2.2917 2.1466 2.4368
1.6321 2.2950 2.1112 2.4789
1.6401 2.3009 2.1584 2.4434
1.6481 2.3131 2.1706 2.4556
1.6561 2.3313 2.1889 2.4738
1.6641 2.3475 2.2050 2.4900
1.6721 2.3572 2.2147 2.4997
1.6801 2.3539 2.1782 2.5296
1.6881 2.3483 2.1726 2.5240
1.6961 2.3476 2.1719 2.5233
1.7041 2.3521 2.1764 2.5278
1.7121 2.3613 2.1856 2.5370
1.7201 2.3663 2.1906 2.5420
1.7281 2.3635 2.1832 2.5439
1.7361 2.3644 2.1841 2.5448
1.7441 2.3598 2.1794 2.5401
1.7521 2.3641 2.1838 2.5444
1.7601 2.3853 2.2386 2.5320
1.7681 2.4200 2.2746 2.5653
1.7761 2.4521 2.3067 2.5975
1.7841 2.4797 2.3343 2.6251
1.7921 2.5077 2.3623 2.6531
1.8001 2.5487 2.4033 2.6941
1.8081 2.5707 2.3168 2.8245
1.8161 2.6039 2.3500 2.8577
1.8241 2.6345 2.3807 2.8884
1.8321 2.6647 2.4109 2.9186
1.8401 2.6974 2.4435 2.9512
1.8481 2.7359 2.4821 2.9898
1.8561 2.7704 2.5165 3.0243
1.8641 2.8054 2.5515 3.0593
1.8721 2.8432 2.5893 3.0970
1.8801 2.8720 2.6181 3.1259
1.8881 2.9056 2.5947 3.2166
1.8961 2.9359 2.6249 3.2468
1.9041 2.9618 2.6509 3.2727
1.9121 2.9838 2.6729 3.2947
1.9201 2.9901 2.6792 3.3011
1.9281 2.9962 2.6853 3.3072
1.9361 2.9987 2.6878 3.3096
1.9441 3.0138 2.7029 3.3248
1.9521 3.0150 2.7041 3.3259
1.9601 3.0250 2.7141 3.3359
1.9681 3.0438 2.4815 3.6060
1.9761 3.0614 2.4991 3.6237
1.9841 3.0847 2.5224 3.6469
1.9921 3.0929 2.5306 3.6552
2.0001 3.1066 2.5443 3.6689
2.0081 3.1102 2.5479 3.6725
2.0161 3.1236 2.5613 3.6859
2.0241 3.1445 2.5822 3.7067
2.0321 3.1504 2.5881 3.7127
2.0401 3.1579 2.5957 3.7202
2.0481 3.1598 2.5975 3.7221
2.0561 3.1568 2.5946 3.7191
2.0641 3.1517 2.5894 3.7140
2.0721 3.1489 2.5866 3.7111
2.0801 3.1444 2.5821 3.7067
2.0881 3.1373 2.5750 3.6996
2.0961 3.1353 2.5730 3.6976
2.1041 3.1320 2.5698 3.6943
2.1121 3.1247 2.5625 3.6870
2.1201 3.1159 2.5537 3.6782
2.1281 3.1077 2.5454 3.6699
2.1361 3.0986 2.5770 3.6202
2.1441 3.0897 2.5681 3.6113
2.1521 3.0802 2.5586 3.6018
2.1601 3.0720 2.5504 3.5936
2.1681 3.0645 2.5429 3.5861
2.1761 3.0566 2.5350 3.5782
2.1841 3.0475 2.5259 3.5691
2.1921 3.0395 2.5178 3.5611
2.2001 3.0308 2.5092 3.5524
2.2081 3.0243 2.5027 3.5460
2.2161 3.0173 2.4957 3.5389
2.2241 3.0095 2.4879 3.5311
2.2321 3.0005 2.4789 3.5221
2.2401 2.9926 2.4710 3.5142
2.2481 2.9842 2.4626 3.5058
2.2561 2.9767 2.4551 3.4983
2.2641 2.9685 2.4468 3.4901
2.2721 2.9600 2.4384 3.4816
2.2801 2.9519 2.4303 3.4735
2.2881 2.9439 2.4223 3.4655
2.2961 2.9352 2.4239 3.4465
2.3041 2.9272 2.4159 3.4385
2.3121 2.9188 2.4075 3.4301
2.3201 2.9108 2.3995 3.4221
2.3281 2.9025 2.3912 3.4138
2.3361 2.8946 2.3833 3.4059
2.3441 2.8866 2.3753 3.3979
2.3521 2.8787 2.3673 3.3900
2.3601 2.8705 2.3592 3.3818
2.3681 2.8626 2.2062 3.5191
2.3761 2.8545 2.1981 3.5110
2.3841 2.8466 2.1901 3.5030
2.3921 2.8388 2.1823 3.4952
2.4001 2.8333 2.1768 3.4897
2.4081 2.8337 2.1772 3.4901
2.4161 2.8272 2.1707 3.4836
2.4241 2.8204 2.1639 3.4768
2.4321 2.8129 2.1565 3.4694
