0.072 0.061 0.024 0.042 0.014 0.014 0.046 0.038 0.036 0.037 0.022 0.021 0.010 0.007 0.014 0.006 0.004 0.005 0.005 0.003 0.002 0.004 0.010 0.007 0.009 0.011 0.010 0.005 0.010 0.009 0.006 0.012 0.009 0.009 0.005 0.008 0.010 0.004
0.061 0.128 0.054 0.078 0.038 0.035 0.094 0.092 0.066 0.064 0.060 0.053 0.016 0.013 0.038 0.016 0.007 0.007 0.008 0.007 0.004 0.006 0.018 0.012 0.015 0.034 0.020 0.009 0.032 0.033 0.012 0.019 0.013 0.016 0.011 0.013 0.021 0.008
0.024 0.054 0.071 0.049 0.038 0.021 0.027 0.044 0.018 0.018 0.036 0.036 0.006 0.008 0.031 0.008 0.002 0.005 0.004 0.003 0.002 0.003 0.008 0.004 0.007 0.024 0.008 0.006 0.025 0.024 0.008 0.012 0.007 0.010 0.007 0.006 0.015 0.005
0.042 0.078 0.049 0.141 0.081 0.032 0.072 0.092 0.068 0.061 0.070 0.066 0.019 0.023 0.045 0.015 0.012 0.014 0.011 0.010 0.007 0.009 0.020 0.011 0.015 0.034 0.022 0.016 0.038 0.033 0.018 0.025 0.017 0.020 0.020 0.022 0.033 0.013
0.014 0.038 0.038 0.081 0.105 0.044 0.039 0.063 0.039 0.031 0.056 0.051 0.014 0.017 0.039 0.014 0.010 0.012 0.013 0.012 0.009 0.010 0.024 0.012 0.014 0.030 0.018 0.012 0.032 0.031 0.015 0.020 0.012 0.016 0.017 0.018 0.030 0.011
0.014 0.035 0.021 0.032 0.044 0.090 0.061 0.052 0.043 0.041 0.048 0.034 0.016 0.015 0.022 0.016 0.012 0.009 0.016 0.015 0.008 0.008 0.026 0.014 0.015 0.017 0.016 0.008 0.011 0.017 0.010 0.011 0.009 0.015 0.012 0.011 0.014 0.007
0.046 0.094 0.027 0.072 0.039 0.061 0.133 0.105 0.087 0.080 0.067 0.052 0.022 0.019 0.029 0.018 0.014 0.009 0.013 0.013 0.007 0.008 0.025 0.016 0.017 0.024 0.024 0.012 0.020 0.024 0.014 0.017 0.014 0.019 0.014 0.018 0.021 0.010
0.038 0.092 0.044 0.092 0.063 0.052 0.105 0.176 0.107 0.095 0.109 0.091 0.028 0.029 0.062 0.023 0.020 0.019 0.014 0.012 0.009 0.011 0.028 0.019 0.021 0.038 0.024 0.020 0.039 0.044 0.024 0.034 0.022 0.029 0.022 0.024 0.032 0.014
0.036 0.066 0.018 0.068 0.039 0.043 0.087 0.107 0.166 0.123 0.088 0.082 0.045 0.028 0.030 0.026 0.021 0.013 0.017 0.015 0.011 0.011 0.034 0.018 0.018 0.027 0.038 0.027 0.024 0.030 0.027 0.029 0.021 0.027 0.026 0.026 0.030 0.015
0.037 0.064 0.018 0.061 0.031 0.041 0.080 0.095 0.123 0.188 0.119 0.095 0.057 0.041 0.046 0.032 0.028 0.018 0.018 0.016 0.014 0.013 0.036 0.022 0.021 0.031 0.038 0.027 0.024 0.033 0.031 0.038 0.024 0.031 0.030 0.029 0.037 0.017
0.022 0.060 0.036 0.070 0.056 0.048 0.067 0.109 0.088 0.119 0.232 0.164 0.076 0.079 0.109 0.047 0.046 0.040 0.022 0.018 0.018 0.021 0.043 0.024 0.024 0.044 0.039 0.028 0.048 0.059 0.036 0.043 0.025 0.035 0.032 0.028 0.048 0.019
0.021 0.053 0.036 0.066 0.051 0.034 0.052 0.091 0.082 0.095 0.164 0.238 0.101 0.095 0.127 0.066 0.050 0.045 0.023 0.013 0.023 0.023 0.049 0.030 0.029 0.061 0.055 0.039 0.066 0.073 0.044 0.049 0.029 0.037 0.038 0.029 0.055 0.022
0.010 0.016 0.006 0.019 0.014 0.016 0.022 0.028 0.045 0.057 0.076 0.101 0.126 0.074 0.060 0.034 0.026 0.018 0.009 0.006 0.011 0.011 0.023 0.015 0.014 0.022 0.036 0.029 0.022 0.034 0.034 0.027 0.016 0.022 0.026 0.020 0.029 0.013
0.007 0.013 0.008 0.023 0.017 0.015 0.019 0.029 0.028 0.041 0.079 0.095 0.074 0.164 0.113 0.056 0.051 0.058 0.020 0.011 0.022 0.022 0.034 0.030 0.024 0.031 0.047 0.040 0.036 0.057 0.040 0.029 0.025 0.030 0.026 0.024 0.041 0.014
0.014 0.038 0.031 0.045 0.039 0.022 0.029 0.062 0.030 0.046 0.109 0.127 0.060 0.113 0.243 0.110 0.070 0.088 0.040 0.021 0.040 0.043 0.070 0.065 0.059 0.082 0.082 0.049 0.069 0.094 0.045 0.044 0.032 0.039 0.037 0.029 0.058 0.021
0.006 0.016 0.008 0.015 0.014 0.016 0.018 0.023 0.026 0.032 0.047 0.066 0.034 0.056 0.110 0.163 0.073 0.075 0.047 0.025 0.036 0.032 0.056 0.047 0.034 0.052 0.058 0.037 0.033 0.054 0.032 0.026 0.019 0.021 0.024 0.017 0.038 0.013
0.004 0.007 0.002 0.012 0.010 0.012 0.014 0.020 0.021 0.028 0.046 0.050 0.026 0.051 0.070 0.073 0.129 0.082 0.049 0.030 0.036 0.026 0.041 0.024 0.019 0.028 0.033 0.020 0.013 0.022 0.024 0.018 0.015 0.017 0.017 0.017 0.028 0.009
0.005 0.007 0.005 0.014 0.012 0.009 0.009 0.019 0.013 0.018 0.040 0.045 0.018 0.058 0.088 0.075 0.082 0.162 0.067 0.042 0.050 0.046 0.057 0.049 0.037 0.039 0.044 0.036 0.021 0.037 0.027 0.018 0.015 0.018 0.015 0.014 0.034 0.010
0.005 0.008 0.004 0.011 0.013 0.016 0.013 0.014 0.017 0.018 0.022 0.023 0.009 0.020 0.040 0.047 0.049 0.067 0.106 0.059 0.048 0.040 0.049 0.032 0.026 0.033 0.036 0.014 0.013 0.024 0.013 0.012 0.011 0.012 0.012 0.008 0.020 0.007
0.003 0.007 0.003 0.010 0.012 0.015 0.013 0.012 0.015 0.016 0.018 0.013 0.006 0.011 0.021 0.025 0.030 0.042 0.059 0.077 0.051 0.035 0.041 0.024 0.025 0.026 0.024 0.007 0.007 0.014 0.007 0.007 0.008 0.009 0.007 0.006 0.015 0.005
0.002 0.004 0.002 0.007 0.009 0.008 0.007 0.009 0.011 0.014 0.018 0.023 0.011 0.022 0.040 0.036 0.036 0.050 0.048 0.051 0.107 0.060 0.068 0.049 0.041 0.041 0.041 0.012 0.020 0.029 0.017 0.013 0.013 0.015 0.012 0.012 0.023 0.006
0.004 0.006 0.003 0.009 0.010 0.008 0.008 0.011 0.011 0.013 0.021 0.023 0.011 0.022 0.043 0.032 0.026 0.046 0.040 0.035 0.060 0.114 0.089 0.060 0.055 0.050 0.038 0.012 0.023 0.032 0.016 0.014 0.010 0.013 0.010 0.009 0.024 0.008
0.010 0.018 0.008 0.020 0.024 0.026 0.025 0.028 0.034 0.036 0.043 0.049 0.023 0.034 0.070 0.056 0.041 0.057 0.049 0.041 0.068 0.089 0.180 0.102 0.083 0.083 0.069 0.024 0.035 0.052 0.034 0.027 0.018 0.023 0.021 0.019 0.038 0.013
0.007 0.012 0.004 0.011 0.012 0.014 0.016 0.019 0.018 0.022 0.024 0.030 0.015 0.030 0.065 0.047 0.024 0.049 0.032 0.024 0.049 0.060 0.102 0.132 0.089 0.066 0.065 0.031 0.029 0.048 0.018 0.016 0.012 0.015 0.015 0.012 0.024 0.007
0.009 0.015 0.007 0.015 0.014 0.015 0.017 0.021 0.018 0.021 0.024 0.029 0.014 0.024 0.059 0.034 0.019 0.037 0.026 0.025 0.041 0.055 0.083 0.089 0.130 0.091 0.068 0.028 0.037 0.044 0.022 0.020 0.014 0.019 0.016 0.014 0.027 0.009
0.011 0.034 0.024 0.034 0.030 0.017 0.024 0.038 0.027 0.031 0.044 0.061 0.022 0.031 0.082 0.052 0.028 0.039 0.033 0.026 0.041 0.050 0.083 0.066 0.091 0.171 0.096 0.041 0.067 0.084 0.042 0.039 0.023 0.029 0.026 0.021 0.044 0.015
0.010 0.020 0.008 0.022 0.018 0.016 0.024 0.024 0.038 0.038 0.039 0.055 0.036 0.047 0.082 0.058 0.033 0.044 0.036 0.024 0.041 0.038 0.069 0.065 0.068 0.096 0.170 0.066 0.060 0.087 0.045 0.037 0.023 0.029 0.031 0.023 0.042 0.014
0.005 0.009 0.006 0.016 0.012 0.008 0.012 0.020 0.027 0.027 0.028 0.039 0.029 0.040 0.049 0.037 0.020 0.036 0.014 0.007 0.012 0.012 0.024 0.031 0.028 0.041 0.066 0.115 0.054 0.061 0.055 0.039 0.023 0.027 0.027 0.020 0.037 0.013
0.010 0.032 0.025 0.038 0.032 0.011 0.020 0.039 0.024 0.024 0.048 0.066 0.022 0.036 0.069 0.033 0.013 0.021 0.013 0.007 0.020 0.023 0.035 0.029 0.037 0.067 0.060 0.054 0.137 0.098 0.045 0.049 0.033 0.033 0.032 0.025 0.051 0.019
0.009 0.033 0.024 0.033 0.031 0.017 0.024 0.044 0.030 0.033 0.059 0.073 0.034 0.057 0.094 0.054 0.022 0.037 0.024 0.014 0.029 0.032 0.052 0.048 0.044 0.084 0.087 0.061 0.098 0.181 0.079 0.069 0.038 0.044 0.038 0.031 0.061 0.022
0.006 0.012 0.008 0.018 0.015 0.010 0.014 0.024 0.027 0.031 0.036 0.044 0.034 0.040 0.045 0.032 0.024 0.027 0.013 0.007 0.017 0.016 0.034 0.018 0.022 0.042 0.045 0.055 0.045 0.079 0.132 0.078 0.050 0.050 0.043 0.035 0.055 0.019
0.012 0.019 0.012 0.025 0.020 0.011 0.017 0.034 0.029 0.038 0.043 0.049 0.027 0.029 0.044 0.026 0.018 0.018 0.012 0.007 0.013 0.014 0.027 0.016 0.020 0.039 0.037 0.039 0.049 0.069 0.078 0.140 0.079 0.069 0.052 0.042 0.055 0.022
0.009 0.013 0.007 0.017 0.012 0.009 0.014 0.022 0.021 0.024 0.025 0.029 0.016 0.025 0.032 0.019 0.015 0.015 0.011 0.008 0.013 0.010 0.018 0.012 0.014 0.023 0.023 0.023 0.033 0.038 0.050 0.079 0.104 0.083 0.051 0.041 0.050 0.020
0.009 0.016 0.010 0.020 0.016 0.015 0.019 0.029 0.027 0.031 0.035 0.037 0.022 0.030 0.039 0.021 0.017 0.018 0.012 0.009 0.015 0.013 0.023 0.015 0.019 0.029 0.029 0.027 0.033 0.044 0.050 0.069 0.083 0.124 0.068 0.054 0.065 0.027
0.005 0.011 0.007 0.020 0.017 0.012 0.014 0.022 0.026 0.030 0.032 0.038 0.026 0.026 0.037 0.024 0.017 0.015 0.012 0.007 0.012 0.010 0.021 0.015 0.016 0.026 0.031 0.027 0.032 0.038 0.043 0.052 0.051 0.068 0.120 0.066 0.073 0.034
0.008 0.013 0.006 0.022 0.018 0.011 0.018 0.024 0.026 0.029 0.028 0.029 0.020 0.024 0.029 0.017 0.017 0.014 0.008 0.006 0.012 0.009 0.019 0.012 0.014 0.021 0.023 0.020 0.025 0.031 0.035 0.042 0.041 0.054 0.066 0.115 0.082 0.043
0.010 0.021 0.015 0.033 0.030 0.014 0.021 0.032 0.030 0.037 0.048 0.055 0.029 0.041 0.058 0.038 0.028 0.034 0.020 0.015 0.023 0.024 0.038 0.024 0.027 0.044 0.042 0.037 0.051 0.061 0.055 0.055 0.050 0.065 0.073 0.082 0.179 0.075
0.004 0.008 0.005 0.013 0.011 0.007 0.010 0.014 0.015 0.017 0.019 0.022 0.013 0.014 0.021 0.013 0.009 0.010 0.007 0.005 0.006 0.008 0.013 0.007 0.009 0.015 0.014 0.013 0.019 0.022 0.019 0.022 0.020 0.027 0.034 0.043 0.075 0.077
