1.000000000000000000e+00 0.000000000000000000e+00 0.000000000000000000e+00
2.000000000000000000e+00 1.156719415214073343e-02 1.378367894364772262e-03
3.000000000000000000e+00 1.807374086271989816e-03 1.028582735983442267e-03
4.000000000000000000e+00 1.727046349104345785e-03 6.007149022897976956e-04
5.000000000000000000e+00 2.409832115029319555e-04 2.502045949067166811e-04
6.000000000000000000e+00 8.032773716764398970e-05 0.000000000000000000e+00
7.000000000000000000e+00 2.807454414009157365e-02 1.709316425762635872e-02
8.000000000000000000e+00 2.498192625913727913e-02 1.436595339243110399e-02
9.000000000000000000e+00 9.655394007550807678e-02 2.259533519908603003e-02
1.000000000000000000e+01 9.149329263394649636e-02 2.064775223448253247e-02
1.100000000000000000e+01 1.610571130211261859e-01 2.816310981152383985e-02
1.200000000000000000e+01 3.442043537633544814e-02 6.644269700371836437e-03
1.300000000000000000e+01 2.317455217286528910e-02 8.525704162879756826e-03
1.400000000000000000e+01 2.931962406619005590e-02 1.208040845260516943e-02
1.500000000000000000e+01 1.799341312555225447e-01 2.899023554269363964e-02
1.600000000000000000e+01 1.288858542854847689e-01 1.375370570391138726e-02
1.700000000000000000e+01 1.410956703349666719e-01 1.250220806393481654e-02
1.800000000000000000e+01 9.093099847377299205e-02 9.796353513163883614e-03
1.900000000000000000e+01 1.827456020563900801e-02 2.072599133395790563e-03
2.000000000000000000e+01 7.590971162342356748e-03 8.618008177214659749e-04
2.100000000000000000e+01 2.261225801269178132e-02 6.073448509493879766e-03
2.200000000000000000e+01 6.293678207084905940e-02 9.326091486399642680e-03
2.300000000000000000e+01 1.416178006265563505e-01 2.090572158932579167e-02
2.400000000000000000e+01 1.191260342196160393e-01 2.128976768235651268e-02
2.500000000000000000e+01 1.298899510000803281e-01 2.134359357729068846e-02
2.600000000000000000e+01 2.092537553217125867e-01 2.449700333660444901e-02
2.700000000000000000e+01 2.120250622539963103e-01 2.746459958224705886e-02
2.800000000000000000e+01 3.462125471925455583e-02 1.001959992175150728e-02
2.900000000000000000e+01 2.622700618523576138e-02 9.663789982758028488e-03
3.000000000000000000e+01 2.827536348301068481e-02 9.828170518132920905e-03
3.100000000000000000e+01 1.148285002811470779e-01 2.828152853673163505e-02
3.200000000000000000e+01 6.024580287573298720e-02 1.876089057945089580e-02
3.300000000000000000e+01 4.470238573379387709e-02 1.778720647254044065e-02
3.400000000000000000e+01 5.185155434171419275e-02 2.121995637565496015e-02
3.500000000000000000e+01 6.687284119206361732e-02 2.263959033713269439e-02
3.600000000000000000e+01 4.992368864969073949e-02 9.189680929735193765e-03
3.700000000000000000e+01 5.622941601735079523e-03 8.329328366846981821e-04
3.800000000000000000e+01 0.000000000000000000e+00 0.000000000000000000e+00
