1.000000000000000000e+00 1.257129086673628403e-02 1.605284449980685316e-03
2.000000000000000000e+00 1.345489597558036793e-02 2.726862234084552559e-03
3.000000000000000000e+00 9.799983934452567366e-03 1.893041883398316125e-03
4.000000000000000000e+00 9.478672985781991245e-03 1.597575704428223602e-03
5.000000000000000000e+00 3.253273355289581278e-03 8.096012215940409304e-04
6.000000000000000000e+00 6.145071893324765069e-03 9.728934629389361655e-04
7.000000000000000000e+00 1.172784962647602236e-02 4.374829148862383575e-03
8.000000000000000000e+00 2.233111093260502569e-02 4.968646451055837819e-03
9.000000000000000000e+00 3.237207807856053166e-02 6.596517058112448539e-03
1.000000000000000000e+01 3.654912041127801603e-02 5.995800020938303089e-03
1.100000000000000000e+01 6.614989155755482408e-02 8.688550002983524631e-03
1.200000000000000000e+01 3.928026347497791393e-02 1.017381071823676535e-02
1.300000000000000000e+01 1.305325728974214908e-02 2.441047614036201234e-03
1.400000000000000000e+01 4.409992770503655402e-02 6.489028176903990572e-03
1.500000000000000000e+01 1.871636276006104910e-02 4.618112178511843934e-03
1.600000000000000000e+01 3.068519559804000138e-02 1.419940062224000696e-02
1.700000000000000000e+01 1.638685838219937352e-02 3.243827965475223549e-03
1.800000000000000000e+01 3.393846895332958830e-02 6.847060815098336348e-03
1.900000000000000000e+01 2.277291348702707025e-02 5.154685996819972915e-03
2.000000000000000000e+01 6.506546710579162555e-03 1.082522956773104795e-03
2.100000000000000000e+01 1.690898867378905907e-02 1.922976264255751898e-03
2.200000000000000000e+01 2.052373684633303913e-02 3.408887652678675630e-03
2.300000000000000000e+01 1.257129086673628403e-02 2.733824701131979014e-03
2.400000000000000000e+01 1.791308538838461140e-02 2.545792771458828523e-03
2.500000000000000000e+01 2.992208209494738244e-02 1.089968749158172490e-02
2.600000000000000000e+01 8.072937585348220063e-03 1.277898879677829029e-03
2.700000000000000000e+01 3.562535143385010816e-02 1.247411395024309796e-02
2.800000000000000000e+01 1.441882882159209629e-02 2.378378146571321055e-03
2.900000000000000000e+01 1.791308538838461140e-02 2.692787537181551717e-03
3.000000000000000000e+01 1.871636276006104910e-02 3.351363245965555647e-03
3.100000000000000000e+01 2.389750180737408580e-02 3.836441299503236778e-03
3.200000000000000000e+01 1.281227407823921742e-02 2.691162643018166906e-03
3.300000000000000000e+01 1.518194232468471523e-02 2.059003963622190077e-03
3.400000000000000000e+01 2.277291348702707025e-02 3.965770865578662971e-03
3.500000000000000000e+01 2.285324122419471471e-02 2.779931617166979656e-03
3.600000000000000000e+01 1.538276166760382292e-02 2.499701668814881955e-03
3.700000000000000000e+01 2.120652261225801360e-02 3.359476123486033593e-03
3.800000000000000000e+01 1.413768174150534240e-02 1.642208709402059484e-03
