1.000000000000000000e+00 1.176801349505984459e-02 1.565174417542351294e-03
2.000000000000000000e+00 1.289260181540685841e-02 2.731211527420794854e-03
3.000000000000000000e+00 8.836051088440839002e-03 1.769519623088709748e-03
4.000000000000000000e+00 5.863924813238011180e-03 1.244636432796901102e-03
5.000000000000000000e+00 1.124588320347015991e-03 3.448504532990555793e-04
6.000000000000000000e+00 4.578681018555707562e-03 8.309118599578220075e-04
7.000000000000000000e+00 5.622941601735079956e-04 4.208827030037530568e-04
8.000000000000000000e+00 1.285243794682303965e-02 4.001911877952410782e-03
9.000000000000000000e+00 1.417784561008916464e-02 4.085096747988630102e-03
1.000000000000000000e+01 3.076552333520764584e-02 5.225386992145045206e-03
1.100000000000000000e+01 6.129006345891235830e-02 8.239810088819264633e-03
1.200000000000000000e+01 2.558438428789461261e-02 6.124846828317781315e-03
1.300000000000000000e+01 9.197525905695235621e-03 2.114009245602742598e-03
1.400000000000000000e+01 3.755321712587356142e-02 6.335972428605248126e-03
1.500000000000000000e+01 8.554904008354085113e-03 1.930552566286618385e-03
1.600000000000000000e+01 2.281307735561089248e-02 1.410117253588075159e-02
1.700000000000000000e+01 8.916378825608483466e-03 2.242664529009936666e-03
1.800000000000000000e+01 1.947947626315366804e-02 4.751238079256748376e-03
1.900000000000000000e+01 1.787292151980078916e-02 5.045663818811873917e-03
2.000000000000000000e+01 3.815567515463089924e-03 8.945629579759567041e-04
2.100000000000000000e+01 1.309342115832597131e-02 1.998398803157856382e-03
2.200000000000000000e+01 1.662784159370230691e-02 3.148959585435834145e-03
2.300000000000000000e+01 8.836051088440839002e-03 2.474084423304115377e-03
2.400000000000000000e+01 1.253112699815246353e-02 2.265009586445087490e-03
2.500000000000000000e+01 4.618844887139528926e-03 7.575900854247172560e-04
2.600000000000000000e+01 5.863924813238011180e-03 1.367071262249207461e-03
2.700000000000000000e+01 3.285404450156639150e-02 1.256036925237265928e-02
2.800000000000000000e+01 1.080408064904811623e-02 2.159904457748767093e-03
2.900000000000000000e+01 1.040244196320989564e-02 2.115398466243666176e-03
3.000000000000000000e+01 8.072937585348220063e-03 1.764424735721536325e-03
3.100000000000000000e+01 1.594505582777733244e-02 2.430498470139196357e-03
3.200000000000000000e+01 9.237689774279057853e-03 2.310030656323847076e-03
3.300000000000000000e+01 1.084424451763193846e-02 1.833128243681967891e-03
3.400000000000000000e+01 1.341473210699654570e-02 2.676087809274990507e-03
3.500000000000000000e+01 1.795324925696843363e-02 2.305877127429532651e-03
3.600000000000000000e+01 1.088440838621576069e-02 2.025536584350861192e-03
3.700000000000000000e+01 1.598521969636115120e-02 3.705376458275177597e-03
3.800000000000000000e+01 1.389669853000241075e-02 1.625881331339109823e-03
