1.0000 0.0344 0.0055
2.0000 0.0212 0.0027
3.0000 0.0201 0.0027
4.0000 0.0793 0.0087
5.0000 0.0553 0.0074
6.0000 0.0416 0.0052
7.0000 0.0411 0.0068
8.0000 0.0919 0.0101
9.0000 0.0791 0.0082
10.0000 0.0916 0.0099
11.0000 0.1561 0.0179
12.0000 0.1377 0.0152
13.0000 0.0562 0.0071
14.0000 0.0688 0.0073
15.0000 0.1606 0.0172
16.0000 0.0846 0.0079
17.0000 0.0663 0.0067
18.0000 0.1074 0.0135
19.0000 0.0435 0.0041
20.0000 0.0375 0.0056
21.0000 0.0418 0.0064
22.0000 0.0528 0.0077
23.0000 0.1197 0.0097
24.0000 0.0617 0.0066
25.0000 0.0527 0.0046
26.0000 0.0882 0.0085
27.0000 0.0943 0.0099
28.0000 0.0506 0.0111
29.0000 0.0585 0.0060
30.0000 0.0917 0.0123
31.0000 0.0560 0.0069
32.0000 0.0710 0.0052
33.0000 0.0573 0.0063
34.0000 0.0568 0.0048
35.0000 0.0519 0.0054
36.0000 0.0474 0.0052
37.0000 0.1234 0.0099
38.0000 0.0000 0.0000
