1.000000000000000000e+00 0.000000000000000000e+00 0.000000000000000000e+00
2.000000000000000000e+00 4.016386858382199485e-05 0.000000000000000000e+00
3.000000000000000000e+00 8.032773716764398970e-05 6.103329357642819225e-05
4.000000000000000000e+00 8.779821672423487877e-02 1.104309990322249919e-02
5.000000000000000000e+00 1.481645112057193292e-01 9.303354516744407471e-03
6.000000000000000000e+00 1.650333360109245695e-01 1.040449990324528520e-02
7.000000000000000000e+00 1.514981122981765571e-01 1.271686192213040273e-02
8.000000000000000000e+00 1.419391115752269283e-01 2.049953429853246592e-02
9.000000000000000000e+00 1.914209976704956129e-01 3.128638049750184780e-02
1.000000000000000000e+01 1.837496987709856255e-01 4.405101937262374118e-02
1.100000000000000000e+01 1.621817013414732223e-01 4.536889108655475095e-02
1.200000000000000000e+01 1.579243312715880865e-01 4.545114574601284013e-02
1.300000000000000000e+01 1.476825447827134763e-01 4.863075181126519375e-02
1.400000000000000000e+01 2.443971403325568281e-01 3.715809177928387774e-02
1.500000000000000000e+01 2.583340027311430420e-01 3.668782670744374225e-02
1.600000000000000000e+01 2.251988111494899192e-01 3.400879097943324686e-02
1.700000000000000000e+01 1.629046509759820016e-01 3.041755879869180099e-02
1.800000000000000000e+01 1.349907623102257204e-01 2.879032266827212180e-02
1.900000000000000000e+01 1.589284279861836180e-01 2.193803178449708208e-02
2.000000000000000000e+01 1.311350309261788138e-01 1.944343075913986668e-02
2.100000000000000000e+01 1.237448791067555648e-01 1.946867216211008514e-02
2.200000000000000000e+01 1.461161539079444127e-01 2.426896849243360618e-02
2.300000000000000000e+01 1.360350228934051053e-01 2.296209734878133096e-02
2.400000000000000000e+01 1.560366294481484450e-01 3.226468692182508924e-02
2.500000000000000000e+01 1.544300747047955558e-01 3.290518856193305058e-02
2.600000000000000000e+01 1.483251666800546320e-01 3.318814156955182670e-02
2.700000000000000000e+01 1.743513535223712718e-01 3.245813621330097265e-02
2.800000000000000000e+01 2.573700698851313362e-01 3.138533731018594564e-02
2.900000000000000000e+01 3.064904811631456449e-01 3.455630135686321019e-02
3.000000000000000000e+01 2.968109888344445113e-01 3.446735173767365851e-02
3.100000000000000000e+01 1.486464776287252099e-01 2.333587229629872917e-02
3.200000000000000000e+01 1.034621254719254591e-01 1.712242494817562202e-02
3.300000000000000000e+01 7.936380432163225862e-02 7.968054324993194271e-03
3.400000000000000000e+01 1.039039280263475001e-01 1.157383928182216699e-02
3.500000000000000000e+01 8.980641015342598343e-02 1.301037050131595776e-02
3.600000000000000000e+01 7.084906418186200094e-02 1.176340812781385275e-02
3.700000000000000000e+01 0.000000000000000000e+00 0.000000000000000000e+00
3.800000000000000000e+01 0.000000000000000000e+00 0.000000000000000000e+00
