1.000000000000000000e+00 0.000000000000000000e+00 0.000000000000000000e+00
2.000000000000000000e+00 1.925254813137032908e-02 3.963951397410372252e-03
3.000000000000000000e+00 4.361340690585769134e-03 3.263517543332914209e-04
4.000000000000000000e+00 1.349365075540348438e-03 0.000000000000000000e+00
5.000000000000000000e+00 4.819160984072673188e-05 3.051711246015992437e-05
6.000000000000000000e+00 6.746825377701742192e-04 2.421055855197514449e-04
7.000000000000000000e+00 3.216789956868509187e-02 1.381688089009776473e-02
8.000000000000000000e+00 2.496325389749644644e-02 3.992295293603122588e-03
9.000000000000000000e+00 6.862485241319486728e-02 1.443301486033951066e-02
1.000000000000000000e+01 7.139586997903664412e-02 1.917990029347112560e-02
1.100000000000000000e+01 4.876990915881544708e-02 8.014594526540687672e-03
1.200000000000000000e+01 5.325172887400303479e-02 9.112792002249599579e-03
1.300000000000000000e+01 4.214356280571552454e-02 8.641216405177848045e-03
1.400000000000000000e+01 7.257656442013445119e-02 1.111602390475128523e-02
1.500000000000000000e+01 9.508204621575383486e-02 1.351791680583741551e-02
1.600000000000000000e+01 1.453699910845521748e-01 1.683452829871298281e-02
1.700000000000000000e+01 7.869689886990674510e-02 0.000000000000000000e+00
1.800000000000000000e+01 4.151707187778607561e-02 8.070874464587334332e-03
1.900000000000000000e+01 2.040914676754777141e-02 4.681334563520952660e-03
2.000000000000000000e+01 3.592684513626177856e-02 1.129174618847700144e-02
2.100000000000000000e+01 2.221633213657502395e-02 6.474365065066250285e-03
2.200000000000000000e+01 3.262571986217199793e-02 7.863230208597467991e-03
2.300000000000000000e+01 7.284161827425844615e-02 1.154383111530496789e-02
2.400000000000000000e+01 6.727548733765451039e-02 1.092392896949767253e-02
2.500000000000000000e+01 9.982891978506541752e-02 1.552302642397009914e-02
2.600000000000000000e+01 1.414182790776125909e-01 1.546372596807532411e-02
2.700000000000000000e+01 9.674465675525890929e-02 3.094575624736454686e-02
2.800000000000000000e+01 3.819185079877593370e-02 4.643710436650845368e-03
2.900000000000000000e+01 4.927592106214308265e-02 1.476627872548812517e-02
3.000000000000000000e+01 3.539673742801378170e-02 5.333300129940676294e-03
3.100000000000000000e+01 5.676971639237608780e-02 1.397664161149851300e-02
3.200000000000000000e+01 5.349268692320666846e-02 1.314133476286411667e-02
3.300000000000000000e+01 2.997518132093202406e-02 7.032824545303111713e-03
3.400000000000000000e+01 3.643285703958940719e-02 7.642136424057158206e-03
3.500000000000000000e+01 4.580612515361075915e-02 7.553809546903964695e-03
3.600000000000000000e+01 4.978193296547071128e-02 9.775252365064409157e-03
3.700000000000000000e+01 1.424062070793474799e-02 2.184726114391533254e-03
3.800000000000000000e+01 0.000000000000000000e+00 0.000000000000000000e+00
