1.000000000000000000e+00 0.000000000000000000e+00 0.000000000000000000e+00
2.000000000000000000e+00 0.000000000000000000e+00 0.000000000000000000e+00
3.000000000000000000e+00 2.409580492036336594e-05 3.051711246015992437e-05
4.000000000000000000e+00 8.464856268523650307e-02 6.625438427981784548e-03
5.000000000000000000e+00 1.361412978000530183e-01 8.789339822791456674e-03
6.000000000000000000e+00 1.522131996819353628e-01 1.300595732617790094e-02
7.000000000000000000e+00 1.508397388014746654e-01 1.743353795296502876e-02
8.000000000000000000e+00 1.227681260692513460e-01 1.828462673448179657e-02
9.000000000000000000e+00 1.782125731910074451e-01 1.976261196994488767e-02
1.000000000000000000e+01 1.472012722584997990e-01 1.851018082052517666e-02
1.100000000000000000e+01 1.279728199320498416e-01 1.641618702309409136e-02
1.200000000000000000e+01 1.300209633502807105e-01 1.275905667063398537e-02
1.300000000000000000e+01 9.939519529649887275e-02 8.818543020080886474e-03
1.400000000000000000e+01 1.698995204934820868e-01 1.318290275952808260e-02
1.500000000000000000e+01 1.788390641189368802e-01 1.324583248084235804e-02
1.600000000000000000e+01 1.493698947013324951e-01 1.294892286215052618e-02
1.700000000000000000e+01 1.297077178863159930e-01 1.237142905212863450e-02
1.800000000000000000e+01 1.202621623575335502e-01 9.996731343121074975e-03
1.900000000000000000e+01 1.656586588274981398e-01 1.138358843586445394e-02
2.000000000000000000e+01 2.059227488494253244e-01 2.167457142167488957e-02
2.100000000000000000e+01 1.973687381026963117e-01 2.257442569043726852e-02
2.200000000000000000e+01 1.650562637044890590e-01 2.035273589629378946e-02
2.300000000000000000e+01 1.339003879424592314e-01 1.396661893859020565e-02
2.400000000000000000e+01 7.958844365196018900e-02 1.374975972175628523e-02
2.500000000000000000e+01 7.643189320739258996e-02 1.352846337955083793e-02
2.600000000000000000e+01 7.457651622852461137e-02 1.452563688702404945e-02
2.700000000000000000e+01 1.087925592154405929e-01 1.409963198144910043e-02
2.800000000000000000e+01 1.806221536830437957e-01 1.259102304798826073e-02
2.900000000000000000e+01 2.297775957205850372e-01 1.879293717935931821e-02
3.000000000000000000e+01 2.071516349003638402e-01 1.887842147965641815e-02
3.100000000000000000e+01 1.252258981711284191e-01 1.210388895230499889e-02
3.200000000000000000e+01 1.005999855425170481e-01 1.397556813467956509e-02
3.300000000000000000e+01 9.093756776945133291e-02 1.031439683819729801e-02
3.400000000000000000e+01 1.350569865786366563e-01 1.063859362754668823e-02
3.500000000000000000e+01 1.180694441097804859e-01 9.742220011292076001e-03
3.600000000000000000e+01 1.000698778342690581e-01 7.530330282136998669e-03
3.700000000000000000e+01 0.000000000000000000e+00 0.000000000000000000e+00
3.800000000000000000e+01 0.000000000000000000e+00 0.000000000000000000e+00
