8.3277 1.4757 1.4439 1.5075
16.6554 1.4289 1.4006 1.4572
24.9831 1.4315 1.4072 1.4558
33.3108 1.4032 1.3708 1.4355
41.6386 1.3947 1.3668 1.4226
49.9663 1.3595 1.3170 1.4021
58.2940 1.3388 1.2822 1.3954
66.6217 1.3353 1.2986 1.3720
74.9494 1.3276 1.2957 1.3595
83.2771 1.3141 1.2738 1.3544
91.6048 1.3087 1.2703 1.3472
99.9325 1.3081 1.2740 1.3422
108.2602 1.3056 1.2750 1.3362
116.5880 1.3018 1.2711 1.3324
124.9157 1.2964 1.2683 1.3246
133.2434 1.2989 1.2794 1.3185
141.5711 1.2949 1.2761 1.3137
149.8988 1.2916 1.2737 1.3096
158.2265 1.2905 1.2731 1.3078
166.5542 1.2853 1.2685 1.3020
174.8819 1.2820 1.2657 1.2983
183.2096 1.2784 1.2626 1.2941
191.5373 1.2804 1.2651 1.2957
199.8651 1.2779 1.2632 1.2925
208.1928 1.2721 1.2576 1.2866
216.5205 1.2706 1.2521 1.2891
224.8482 1.2718 1.2542 1.2894
233.1759 1.2739 1.2563 1.2914
241.5036 1.2724 1.2554 1.2894
249.8313 1.2706 1.2542 1.2870
258.1590 1.2710 1.2553 1.2868
266.4867 1.2695 1.2544 1.2846
274.8145 1.2683 1.2532 1.2835
283.1422 1.2670 1.2523 1.2816
291.4699 1.2686 1.2545 1.2828
299.7976 1.2702 1.2565 1.2839
308.1253 1.2711 1.2574 1.2848
316.4530 1.2730 1.2597 1.2863
324.7807 1.2728 1.2598 1.2857
333.1084 1.2748 1.2622 1.2874
341.4361 1.2782 1.2653 1.2910
349.7639 1.2801 1.2672 1.2930
358.0916 1.2831 1.2701 1.2961
366.4193 1.2874 1.2741 1.3006
374.7470 1.2886 1.2754 1.3017
383.0747 1.2901 1.2770 1.3033
391.4024 1.2934 1.2805 1.3063
399.7301 1.2949 1.2816 1.3082
408.0578 1.2944 1.2815 1.3074
416.3855 1.2948 1.2822 1.3074
424.7133 1.2943 1.2817 1.3069
433.0410 1.2955 1.2832 1.3079
441.3687 1.2987 1.2861 1.3113
449.6964 1.2991 1.2867 1.3115
458.0241 1.2999 1.2875 1.3123
466.3518 1.3008 1.2887 1.3129
474.6795 1.2990 1.2871 1.3109
483.0072 1.2970 1.2851 1.3088
491.3349 1.2951 1.2833 1.3069
499.6627 1.2919 1.2801 1.3037
507.9904 1.2899 1.2777 1.3022
516.3181 1.2896 1.2773 1.3018
524.6458 1.2878 1.2758 1.2998
532.9735 1.2854 1.2732 1.2975
541.3012 1.2840 1.2684 1.2996
549.6289 1.2843 1.2687 1.2999
557.9566 1.2841 1.2691 1.2991
566.2843 1.2837 1.2721 1.2953
574.6120 1.2817 1.2667 1.2968
582.9398 1.2815 1.2667 1.2963
591.2675 1.2820 1.2672 1.2968
599.5952 1.2828 1.2685 1.2972
607.9229 1.2838 1.2694 1.2981
616.2506 1.2858 1.2714 1.3001
624.5783 1.2862 1.2720 1.3003
632.9060 1.2861 1.2719 1.3002
641.2337 1.2868 1.2731 1.3004
649.5614 1.2871 1.2734 1.3008
657.8892 1.2880 1.2743 1.3017
666.2169 1.2890 1.2756 1.3024
674.5446 1.2894 1.2761 1.3028
682.8723 1.2899 1.2769 1.3029
691.2000 1.2905 1.2775 1.3035
699.5277 1.2899 1.2768 1.3029
707.8554 1.2904 1.2778 1.3030
716.1831 1.2894 1.2768 1.3021
724.5108 1.2894 1.2767 1.3020
732.8386 1.2899 1.2776 1.3022
741.1663 1.2901 1.2779 1.3024
749.4940 1.2896 1.2777 1.3015
757.8217 1.2892 1.2773 1.3012
766.1494 1.2887 1.2768 1.3007
774.4771 1.2879 1.2762 1.2995
782.8048 1.2874 1.2758 1.2991
791.1325 1.2875 1.2761 1.2989
799.4602 1.2881 1.2767 1.2995
807.7880 1.2890 1.2776 1.3004
816.1157 1.2892 1.2780 1.3005
824.4434 1.2898 1.2786 1.3011
832.7711 1.2890 1.2781 1.3000
841.0988 1.2881 1.2772 1.2991
849.4265 1.2883 1.2773 1.2992
857.7542 1.2889 1.2782 1.2995
866.0819 1.2907 1.2800 1.3014
874.4096 1.2911 1.2804 1.3019
882.7373 1.2904 1.2797 1.3012
891.0651 1.2894 1.2786 1.3002
899.3928 1.2887 1.2780 1.2995
907.7205 1.2882 1.2774 1.2990
916.0482 1.2887 1.2780 1.2995
924.3759 1.2895 1.2790 1.3000
932.7036 1.2915 1.2810 1.3020
941.0313 1.2945 1.2832 1.3058
949.3590 1.2988 1.2876 1.3101
957.6867 1.3026 1.2913 1.3138
966.0145 1.3051 1.2923 1.3179
974.3422 1.3072 1.2944 1.3200
982.6699 1.3078 1.2893 1.3263
990.9976 1.3106 1.2921 1.3291
999.3253 1.3125 1.2939 1.3310
1007.6530 1.3131 1.2946 1.3316
1015.9807 1.3151 1.2966 1.3336
1024.3084 1.3160 1.2963 1.3357
1032.6361 1.3175 1.2978 1.3371
1040.9639 1.3192 1.2995 1.3389
1049.2916 1.3206 1.3009 1.3403
1057.6193 1.3209 1.3012 1.3406
1065.9470 1.3202 1.3009 1.3396
1074.2747 1.3201 1.3007 1.3395
1082.6024 1.3197 1.3004 1.3391
1090.9301 1.3206 1.3013 1.3400
1099.2578 1.3199 1.3005 1.3393
1107.5855 1.3191 1.2997 1.3384
1115.9133 1.3178 1.2992 1.3365
1124.2410 1.3168 1.2982 1.3355
1132.5687 1.3158 1.2972 1.3345
1140.8964 1.3144 1.2958 1.3331
1149.2241 1.3137 1.2950 1.3324
1157.5518 1.3134 1.2946 1.3322
1165.8795 1.3135 1.2947 1.3323
1174.2072 1.3129 1.2941 1.3317
1182.5349 1.3116 1.2928 1.3304
1190.8627 1.3100 1.2912 1.3288
1199.1904 1.3092 1.2908 1.3277
1207.5181 1.3079 1.2894 1.3263
1215.8458 1.3072 1.2888 1.3256
1224.1735 1.3066 1.2881 1.3250
1232.5012 1.3056 1.2871 1.3240
1240.8289 1.3050 1.2866 1.3234
1249.1566 1.3047 1.2864 1.3231
1257.4843 1.3037 1.2853 1.3221
1265.8120 1.3035 1.2851 1.3218
1274.1398 1.3037 1.2854 1.3221
1282.4675 1.3041 1.2863 1.3219
1290.7952 1.3049 1.2870 1.3227
1299.1229 1.3055 1.2877 1.3233
1307.4506 1.3060 1.2882 1.3238
1315.7783 1.3059 1.2880 1.3237
1324.1060 1.3063 1.2889 1.3238
1332.4337 1.3066 1.2892 1.3241
1340.7614 1.3073 1.2899 1.3248
1349.0892 1.3077 1.2902 1.3251
1357.4169 1.3079 1.2905 1.3253
1365.7446 1.3071 1.2902 1.3240
1374.0723 1.3065 1.2896 1.3234
1382.4000 1.3063 1.2894 1.3232
1390.7277 1.3059 1.2890 1.3228
1399.0554 1.3061 1.2892 1.3230
1407.3831 1.3063 1.2898 1.3227
1415.7108 1.3054 1.2890 1.3218
1424.0386 1.3046 1.2882 1.3211
1432.3663 1.3041 1.2876 1.3205
1440.6940 1.3039 1.2875 1.3203
1449.0217 1.3037 1.2872 1.3201
1457.3494 1.3036 1.2875 1.3197
1465.6771 1.3029 1.2868 1.3190
1474.0048 1.3027 1.2865 1.3188
1482.3325 1.3022 1.2861 1.3183
1490.6602 1.3019 1.2857 1.3180
1498.9880 1.3012 1.2854 1.3170
1507.3157 1.3010 1.2852 1.3168
1515.6434 1.3010 1.2852 1.3168
1523.9711 1.3009 1.2851 1.3166
1532.2988 1.3004 1.2846 1.3162
1540.6265 1.3006 1.2852 1.3160
1548.9542 1.3000 1.2846 1.3154
1557.2819 1.2999 1.2845 1.3153
1565.6096 1.2997 1.2843 1.3151
1573.9373 1.3000 1.2846 1.3154
1582.2651 1.3005 1.2855 1.3155
1590.5928 1.3007 1.2858 1.3157
1598.9205 1.3008 1.2858 1.3158
1607.2482 1.3007 1.2857 1.3156
1615.5759 1.3010 1.2860 1.3160
1623.9036 1.3019 1.2873 1.3166
1632.2313 1.3029 1.2883 1.3175
1640.5590 1.3037 1.2890 1.3183
1648.8867 1.3042 1.2895 1.3188
1657.2145 1.3049 1.2903 1.3196
1665.5422 1.3057 1.2909 1.3206
1673.8699 1.3066 1.2917 1.3214
1682.1976 1.3079 1.2930 1.3227
1690.5253 1.3088 1.2940 1.3237
1698.8530 1.3097 1.2948 1.3245
1707.1807 1.3107 1.2909 1.3304
1715.5084 1.3119 1.2921 1.3317
1723.8361 1.3127 1.2929 1.3325
1732.1639 1.3128 1.2930 1.3325
1740.4916 1.3128 1.2930 1.3325
1748.8193 1.3120 1.2923 1.3318
1757.1470 1.3115 1.2918 1.3313
1765.4747 1.3111 1.2914 1.3309
1773.8024 1.3107 1.2909 1.3304
1782.1301 1.3099 1.2902 1.3297
1790.4578 1.3096 1.2898 1.3294
1798.7855 1.3093 1.2905 1.3281
1807.1133 1.3091 1.2902 1.3279
1815.4410 1.3087 1.2899 1.3275
1823.7687 1.3086 1.2898 1.3274
1832.0964 1.3096 1.2908 1.3285
1840.4241 1.3096 1.2951 1.3241
1848.7518 1.3093 1.2949 1.3238
1857.0795 1.3087 1.2943 1.3232
1865.4072 1.3081 1.2937 1.3226
1873.7349 1.3076 1.2888 1.3264
1882.0627 1.3071 1.2927 1.3214
1890.3904 1.3068 1.2925 1.3212
1898.7181 1.3063 1.2882 1.3244
1907.0458 1.3057 1.2876 1.3238
1915.3735 1.3053 1.2872 1.3234
1923.7012 1.3053 1.2872 1.3234
1932.0289 1.3049 1.2868 1.3230
1940.3566 1.3049 1.2868 1.3230
1948.6843 1.3050 1.2869 1.3231
1957.0120 1.3056 1.2875 1.3237
1965.3398 1.3062 1.2924 1.3201
1973.6675 1.3070 1.2896 1.3243
1981.9952 1.3070 1.2896 1.3243
1990.3229 1.3070 1.2896 1.3244
1998.6506 1.3068 1.2894 1.3241
2006.9783 1.3073 1.2937 1.3209
2015.3060 1.3074 1.2938 1.3211
2023.6337 1.3071 1.2898 1.3245
2031.9614 1.3071 1.2897 1.3244
2040.2892 1.3071 1.2897 1.3244
2048.6169 1.3071 1.2937 1.3204
2056.9446 1.3077 1.2943 1.3210
2065.2723 1.3080 1.2947 1.3214
2073.6000 1.3089 1.2922 1.3256
2081.9277 1.3091 1.2924 1.3258
2090.2554 1.3093 1.2926 1.3260
2098.5831 1.3087 1.2921 1.3254
2106.9108 1.3082 1.2916 1.3249
2115.2386 1.3078 1.2911 1.3245
2123.5663 1.3071 1.2904 1.3237
2131.8940 1.3070 1.2911 1.3230
2140.2217 1.3068 1.2908 1.3228
2148.5494 1.3067 1.2907 1.3227
2156.8771 1.3067 1.2907 1.3227
2165.2048 1.3067 1.2907 1.3227
2173.5325 1.3066 1.2906 1.3226
2181.8602 1.3070 1.2910 1.3230
2190.1880 1.3071 1.2911 1.3231
2198.5157 1.3076 1.2916 1.3236
2206.8434 1.3080 1.2920 1.3240
2215.1711 1.3082 1.2922 1.3242
2223.4988 1.3083 1.2929 1.3237
2231.8265 1.3082 1.2928 1.3237
2240.1542 1.3082 1.2928 1.3237
2248.4819 1.3080 1.2926 1.3234
2256.8096 1.3079 1.2925 1.3233
2265.1373 1.3082 1.2928 1.3236
2273.4651 1.3082 1.2928 1.3236
2281.7928 1.3083 1.2929 1.3237
2290.1205 1.3090 1.2936 1.3244
2298.4482 1.3093 1.2939 1.3247
2306.7759 1.3092 1.2943 1.3241
2315.1036 1.3089 1.2940 1.3237
2323.4313 1.3084 1.2936 1.3233
2331.7590 1.3087 1.2938 1.3236
2340.0867 1.3092 1.2943 1.3240
2348.4145 1.3088 1.2939 1.3237
2356.7422 1.3085 1.2936 1.3234
2365.0699 1.3083 1.2934 1.3231
2373.3976 1.3081 1.2933 1.3230
2381.7253 1.3080 1.2931 1.3229
2390.0530 1.3079 1.2935 1.3223
2398.3807 1.3079 1.2935 1.3223
2406.7084 1.3080 1.2936 1.3224
2415.0361 1.3079 1.2935 1.3223
2423.3639 1.3079 1.2935 1.3223
2431.6916 1.3078 1.2934 1.3222
2440.0193 1.3084 1.2940 1.3228
2448.3470 1.3086 1.2942 1.3230
2456.6747 1.3092 1.2948 1.3236
2465.0024 1.3090 1.2946 1.3234
2473.3301 1.3090 1.2950 1.3229
2481.6578 1.3091 1.2952 1.3230
2489.9855 1.3093 1.2954 1.3232
2498.3133 1.3094 1.2955 1.3234
2506.6410 1.3095 1.2956 1.3235
2514.9687 1.3092 1.2953 1.3231
2523.2964 1.3091 1.2952 1.3231
2531.6241 1.3094 1.2955 1.3233
2539.9518 1.3096 1.2956 1.3235
2548.2795 1.3099 1.2959 1.3238
2556.6072 1.3099 1.2960 1.3238
2564.9349 1.3099 1.2964 1.3234
2573.2627 1.3101 1.2966 1.3236
2581.5904 1.3101 1.2966 1.3236
2589.9181 1.3104 1.2969 1.3239
2598.2458 1.3104 1.2969 1.3239
2606.5735 1.3104 1.2969 1.3239
2614.9012 1.3106 1.2971 1.3241
2623.2289 1.3106 1.2971 1.3241
2631.5566 1.3108 1.2973 1.3243
2639.8843 1.3108 1.2973 1.3243
2648.2120 1.3107 1.2976 1.3238
2656.5398 1.3106 1.2975 1.3237
2664.8675 1.3105 1.2974 1.3235
2673.1952 1.3104 1.2974 1.3235
2681.5229 1.3105 1.2974 1.3236
2689.8506 1.3104 1.2973 1.3234
2698.1783 1.3106 1.2976 1.3237
2706.5060 1.3108 1.2978 1.3239
2714.8337 1.3105 1.2974 1.3236
2723.1614 1.3102 1.2972 1.3233
2731.4892 1.3098 1.2972 1.3225
2739.8169 1.3095 1.2968 1.3222
2748.1446 1.3093 1.2966 1.3220
2756.4723 1.3089 1.2962 1.3216
2764.8000 1.3086 1.2960 1.3213
2773.1277 1.3084 1.2958 1.3211
2781.4554 1.3083 1.2956 1.3210
2789.7831 1.3083 1.2956 1.3210
2798.1108 1.3081 1.2955 1.3208
2806.4386 1.3079 1.2953 1.3206
2814.7663 1.3077 1.2953 1.3202
2823.0940 1.3075 1.2950 1.3200
2831.4217 1.3075 1.2950 1.3200
2839.7494 1.3073 1.2948 1.3198
2848.0771 1.3071 1.2946 1.3196
2856.4048 1.3072 1.2947 1.3197
2864.7325 1.3071 1.2946 1.3196
2873.0602 1.3069 1.2944 1.3194
2881.3880 1.3064 1.2940 1.3189
2889.7157 1.3062 1.2937 1.3187
2898.0434 1.3059 1.2934 1.3184
2906.3711 1.3058 1.2936 1.3181
2914.6988 1.3061 1.2938 1.3183
2923.0265 1.3060 1.2937 1.3183
2931.3542 1.3062 1.2940 1.3185
2939.6819 1.3065 1.2942 1.3188
2948.0096 1.3068 1.2945 1.3191
2956.3373 1.3070 1.2947 1.3193
2964.6651 1.3069 1.2946 1.3191
2972.9928 1.3068 1.2946 1.3191
2981.3205 1.3068 1.2945 1.3191
2989.6482 1.3064 1.2945 1.3184
2997.9759 1.3060 1.2940 1.3179
3006.3036 1.3057 1.2937 1.3176
3014.6313 1.3053 1.2934 1.3173
3022.9590 1.3049 1.2930 1.3169
3031.2867 1.3046 1.2927 1.3165
3039.6145 1.3042 1.2923 1.3161
3047.9422 1.3040 1.2920 1.3159
3056.2699 1.3036 1.2917 1.3155
3064.5976 1.3031 1.2912 1.3150
3072.9253 1.3028 1.2906 1.3150
3081.2530 1.3025 1.2903 1.3146
3089.5807 1.3021 1.2899 1.3143
3097.9084 1.3018 1.2896 1.3140
3106.2361 1.3014 1.2892 1.3136
3114.5639 1.3011 1.2890 1.3133
3122.8916 1.3010 1.2888 1.3131
3131.2193 1.3007 1.2885 1.3128
3139.5470 1.3005 1.2883 1.3127
3147.8747 1.3005 1.2883 1.3127
3156.2024 1.3004 1.2883 1.3125
3164.5301 1.3004 1.2883 1.3125
3172.8578 1.3004 1.2883 1.3125
3181.1855 1.3006 1.2885 1.3127
3189.5133 1.3013 1.2892 1.3134
3197.8410 1.3015 1.2894 1.3136
3206.1687 1.3016 1.2895 1.3137
3214.4964 1.3018 1.2897 1.3139
3222.8241 1.3018 1.2897 1.3139
3231.1518 1.3019 1.2898 1.3140
3239.4795 1.3019 1.2898 1.3140
3247.8072 1.3022 1.2903 1.3140
3256.1349 1.3026 1.2908 1.3145
3264.4627 1.3029 1.2910 1.3147
3272.7904 1.3029 1.2910 1.3147
3281.1181 1.3031 1.2912 1.3150
3289.4458 1.3034 1.2915 1.3152
3297.7735 1.3037 1.2918 1.3155
3306.1012 1.3038 1.2920 1.3157
3314.4289 1.3039 1.2920 1.3157
3322.7566 1.3040 1.2921 1.3158
3331.0843 1.3042 1.2925 1.3159
3339.4120 1.3045 1.2927 1.3162
3347.7398 1.3047 1.2930 1.3164
3356.0675 1.3046 1.2928 1.3163
3364.3952 1.3044 1.2926 1.3161
3372.7229 1.3038 1.2920 1.3155
3381.0506 1.3034 1.2917 1.3152
3389.3783 1.3032 1.2914 1.3149
3397.7060 1.3030 1.2913 1.3148
3406.0337 1.3029 1.2911 1.3146
3414.3614 1.3028 1.2913 1.3143
3422.6892 1.3027 1.2912 1.3143
3431.0169 1.3028 1.2912 1.3143
3439.3446 1.3030 1.2914 1.3145
3447.6723 1.3030 1.2915 1.3145
3456.0000 1.3032 1.2917 1.3147
