1.000000000000000000e+00 0.000000000000000000e+00 0.000000000000000000e+00
2.000000000000000000e+00 0.000000000000000000e+00 0.000000000000000000e+00
3.000000000000000000e+00 1.115876725862027380e-01 1.493953119617380011e-02
4.000000000000000000e+00 1.718271848871111562e-01 1.588192937959861939e-02
5.000000000000000000e+00 4.845666369485072955e-02 6.556868734133123634e-03
6.000000000000000000e+00 2.927640297824148780e-02 3.512534631008177016e-03
7.000000000000000000e+00 4.702296330208910469e-01 1.185224844320970257e-02
8.000000000000000000e+00 9.525071685019638468e-02 7.274569674712163571e-03
9.000000000000000000e+00 1.154670971783812450e-01 7.516746500765596889e-03
1.000000000000000000e+01 1.485988289438808785e-01 9.350933412116521973e-03
1.100000000000000000e+01 1.083106431170333256e-01 7.703361537582499065e-03
1.200000000000000000e+01 1.348160285294330296e-01 6.979532056463486761e-03
1.300000000000000000e+01 1.647430182405243138e-01 1.057352610610561017e-02
1.400000000000000000e+01 1.667188742439941196e-01 1.002625453491288836e-02
1.500000000000000000e+01 2.079467964627358390e-01 1.292078847044028297e-02
1.600000000000000000e+01 2.001638514734584706e-01 1.223419742878610258e-02
1.700000000000000000e+01 1.645261559962410414e-01 1.236672844519772461e-02
1.800000000000000000e+01 1.371774174116286438e-01 9.935897320040599015e-03
1.900000000000000000e+01 1.676104190260475635e-01 1.488216125729227221e-02
2.000000000000000000e+01 2.400665044215802013e-01 1.171473344873040327e-02
2.100000000000000000e+01 2.551986699115684210e-01 1.434931323043246200e-02
2.200000000000000000e+01 2.138743644731452287e-01 1.422573291316114527e-02
2.300000000000000000e+01 2.334883496783209944e-01 1.335214449524753204e-02
2.400000000000000000e+01 3.159200983108840788e-01 1.471553179094606777e-02
2.500000000000000000e+01 2.751499963856292585e-01 1.480201540909871667e-02
2.600000000000000000e+01 1.341172501867424760e-01 9.226306488139700626e-03
2.700000000000000000e+01 1.084552179465555072e-01 6.988050619598155759e-03
2.800000000000000000e+01 1.229367967036938819e-01 8.244262446561045551e-03
2.900000000000000000e+01 1.487915953832437688e-01 8.832393400027756594e-03
3.000000000000000000e+01 2.052962579214958616e-01 1.463240700000516085e-02
3.100000000000000000e+01 2.449338570154936112e-01 9.297843920681824262e-03
3.200000000000000000e+01 1.888870147707284175e-01 8.339517159008193181e-03
3.300000000000000000e+01 2.529336642490542242e-01 9.689652445111192683e-03
3.400000000000000000e+01 2.423074142791739882e-01 1.032151909747886474e-02
3.500000000000000000e+01 1.854413146671164414e-01 7.356108838144047313e-03
3.600000000000000000e+01 0.000000000000000000e+00 0.000000000000000000e+00
3.700000000000000000e+01 0.000000000000000000e+00 0.000000000000000000e+00
3.800000000000000000e+01 0.000000000000000000e+00 0.000000000000000000e+00
