7.513277211220658058e-01
7.584183169016075476e-01
5.919729370886183117e-01
5.816054125822766041e-01
5.494576117969429685e-01
5.639777959829374021e-01
5.161162744710302841e-02
1.157094833187378158e-01
2.107262917031554605e-01
3.811265854967655353e-01
3.456736065990563822e-01
1.760642956015706639e-01
7.908415491963050048e-02
5.674312833695868141e-01
6.877312918444025147e-01
5.452413909997455566e-01
2.978615215119070347e-01
5.393655187999659706e-01
6.712901494392495838e-01
1.245232916184072502e-01
2.272663069578234607e-01
1.188169157320826952e-01
1.374050114410010071e-01
1.094098703353200419e-01
2.036780700019774626e-02
7.565185457216300202e-02
2.722393287945987228e-01
2.695838865504676107e-01
5.847622814203791430e-03
1.839599988700245381e-01
3.912539902257126251e-02
2.239611288454476934e-01
