1.0000 0.1032 0.0105
2.0000 0.1429 0.0186
3.0000 0.1238 0.0113
4.0000 0.1629 0.0128
5.0000 0.1382 0.0111
6.0000 0.1370 0.0108
7.0000 0.1772 0.0179
8.0000 0.2153 0.0196
9.0000 0.2241 0.0185
10.0000 0.2281 0.0187
11.0000 0.2634 0.0226
12.0000 0.2711 0.0242
13.0000 0.1711 0.0167
14.0000 0.2196 0.0194
15.0000 0.2805 0.0244
16.0000 0.2059 0.0172
17.0000 0.1707 0.0120
18.0000 0.1931 0.0137
19.0000 0.1419 0.0113
20.0000 0.1110 0.0105
21.0000 0.1420 0.0162
22.0000 0.1472 0.0173
23.0000 0.2092 0.0141
24.0000 0.1694 0.0175
25.0000 0.1697 0.0172
26.0000 0.2036 0.0180
27.0000 0.2085 0.0184
28.0000 0.1583 0.0127
29.0000 0.1863 0.0123
30.0000 0.2128 0.0199
31.0000 0.1842 0.0125
32.0000 0.1760 0.0118
33.0000 0.1358 0.0095
34.0000 0.1581 0.0103
35.0000 0.1672 0.0108
36.0000 0.1538 0.0101
37.0000 0.2053 0.0128
38.0000 0.1056 0.0082
