1.000000000000000000e+00 8.842057685245345230e-03 1.129081958123650392e-03
2.000000000000000000e+00 9.463544167914348174e-03 1.917947283941274931e-03
3.000000000000000000e+00 6.892850080510748954e-03 1.331477070336768709e-03
4.000000000000000000e+00 6.666854995903839266e-03 1.123659987255400203e-03
5.000000000000000000e+00 2.288200231644961676e-03 5.694356116062157308e-04
6.000000000000000000e+00 4.322155993107149735e-03 6.842877324289847610e-04
7.000000000000000000e+00 8.248820588152207950e-03 3.077050090352146348e-03
8.000000000000000000e+00 1.570665838018022939e-02 3.494713391293207457e-03
9.000000000000000000e+00 2.276900477414616278e-02 4.639681395318617785e-03
1.000000000000000000e+01 2.570694087403599046e-02 4.217165143685467320e-03
1.100000000000000000e+01 4.652673804344755609e-02 6.111119465925133470e-03
1.200000000000000000e+01 2.762789909319472367e-02 7.155782345904092984e-03
1.300000000000000000e+01 9.181050312155710630e-03 1.716918655732459654e-03
1.400000000000000000e+01 3.101782536229837073e-02 4.564078746533957107e-03
1.500000000000000000e+01 1.316421367835249670e-02 3.248163988264862832e-03
1.600000000000000000e+01 2.158253057995988475e-02 9.987193895096802346e-03
1.700000000000000000e+01 1.152574931495239929e-02 2.281556786474253900e-03
1.800000000000000000e+01 2.387073081160484903e-02 4.815902149052752289e-03
1.900000000000000000e+01 1.601740162151473260e-02 3.625564901517661261e-03
2.000000000000000000e+01 4.576400463289923351e-03 7.613959879583253893e-04
2.100000000000000000e+01 1.189299132743862862e-02 1.352531512964764765e-03
2.200000000000000000e+01 1.443543602926636304e-02 2.397652046001120564e-03
2.300000000000000000e+01 8.842057685245345230e-03 1.922844357433374073e-03
2.400000000000000000e+01 1.259922596683522161e-02 1.790591497606765919e-03
2.500000000000000000e+01 2.104579225401847359e-02 7.666330098742952896e-03
2.600000000000000000e+01 5.678126500748608731e-03 8.988142689403255800e-04
2.700000000000000000e+01 2.505720500579112359e-02 8.773707989862782400e-03
2.800000000000000000e+01 1.014152942173507724e-02 1.672839885119148948e-03
2.900000000000000000e+01 1.259922596683522161e-02 1.893980736765057569e-03
3.000000000000000000e+01 1.316421367835249670e-02 2.357192070342393943e-03
3.100000000000000000e+01 1.680838441763891564e-02 2.698373272550964441e-03
3.200000000000000000e+01 9.011553998700528798e-03 1.892837862252219356e-03
3.300000000000000000e+01 1.067826774767648840e-02 1.448207030884072610e-03
3.400000000000000000e+01 1.601740162151473260e-02 2.789337636972161454e-03
3.500000000000000000e+01 1.607390039266646045e-02 1.955273804464065669e-03
3.600000000000000000e+01 1.081951467555580630e-02 1.758173172975308150e-03
3.700000000000000000e+01 1.491567558405604635e-02 2.362898288724406357e-03
3.800000000000000000e+01 9.943783722704031477e-03 1.155052754221658163e-03
