0.000000000000000000e+00
0.000000000000000000e+00
0.000000000000000000e+00
0.000000000000000000e+00
0.000000000000000000e+00
0.000000000000000000e+00
5.161162744710302841e-02
1.157094833187378158e-01
1.522641882539054747e-01
0.000000000000000000e+00
0.000000000000000000e+00
1.176021921523206920e-01
2.062205147038051814e-02
0.000000000000000000e+00
0.000000000000000000e+00
0.000000000000000000e+00
0.000000000000000000e+00
0.000000000000000000e+00
0.000000000000000000e+00
0.000000000000000000e+00
0.000000000000000000e+00
0.000000000000000000e+00
0.000000000000000000e+00
0.000000000000000000e+00
2.036780700019774626e-02
0.000000000000000000e+00
0.000000000000000000e+00
0.000000000000000000e+00
5.847622814203791430e-03
0.000000000000000000e+00
3.912539902257126251e-02
0.000000000000000000e+00
