1.000000000000000000e+00 5.649877115172745453e-04 2.016196400970897483e-04
2.000000000000000000e+00 3.954913980620921709e-04 1.586247381542832261e-04
3.000000000000000000e+00 6.779852538207293893e-04 3.156658890232966782e-04
4.000000000000000000e+00 2.542444701827735291e-03 5.647731762414959743e-04
5.000000000000000000e+00 1.497217435520777334e-03 6.786458356580801331e-04
6.000000000000000000e+00 1.101726037458685380e-03 3.047471817957173837e-04
7.000000000000000000e+00 7.853329190090114695e-03 3.067158448711996763e-03
8.000000000000000000e+00 6.666854995903839266e-03 2.161431695566852929e-03
9.000000000000000000e+00 1.279697166586626737e-02 3.677135650433550548e-03
1.000000000000000000e+01 4.067911522924376119e-03 1.074208562151604020e-03
1.100000000000000000e+01 3.418175654679510549e-03 8.335622226857956245e-04
1.200000000000000000e+01 9.633040481369530006e-03 3.363843911372551686e-03
1.300000000000000000e+01 2.711941015282917557e-03 5.454261795086890602e-04
1.400000000000000000e+01 4.604649848865787279e-03 9.501071246027739019e-04
1.500000000000000000e+01 7.147094550693522570e-03 2.922509663380863480e-03
1.600000000000000000e+01 5.536879572869289959e-03 1.071908548790746459e-03
1.700000000000000000e+01 5.254385717110652415e-03 1.457842933323010449e-03
1.800000000000000000e+01 1.016977880731094117e-02 5.258657647973716265e-03
1.900000000000000000e+01 3.446425040255374477e-03 6.577934218047171806e-04
2.000000000000000000e+01 1.892708833582869505e-03 4.508190639144969399e-04
2.100000000000000000e+01 2.683691629707054063e-03 5.628715080595383946e-04
2.200000000000000000e+01 2.740190400858781485e-03 6.359369033320899341e-04
2.300000000000000000e+01 2.627192858555326208e-03 5.317806219256970661e-04
2.400000000000000000e+01 3.785417667165739009e-03 7.334379605083560976e-04
2.500000000000000000e+01 1.779711291279414617e-02 7.760346520802507454e-03
2.600000000000000000e+01 1.553716206672504973e-03 3.450312789772312736e-04
2.700000000000000000e+01 1.949207604734596927e-03 4.165283295139888967e-04
2.800000000000000000e+01 2.542444701827735291e-03 6.790378339074181185e-04
2.900000000000000000e+01 5.282635102686516343e-03 1.319610676140102164e-03
3.000000000000000000e+01 7.486087177603887102e-03 2.043488147557123626e-03
3.100000000000000000e+01 5.593378344021017815e-03 1.368346423040778291e-03
3.200000000000000000e+01 2.514195316251871364e-03 7.631482388149639579e-04
3.300000000000000000e+01 3.050933642193282089e-03 5.933033873084226327e-04
3.400000000000000000e+01 6.582106839176248350e-03 1.678697874148813926e-03
3.500000000000000000e+01 3.446425040255374477e-03 8.747774331180356621e-04
3.600000000000000000e+01 3.163931184496737367e-03 5.399499821515410481e-04
3.700000000000000000e+01 3.672420124862284165e-03 5.172970435306822098e-04
3.800000000000000000e+01 1.694963134551823473e-04 6.889610090424504152e-05
