7.045396762620415032e-01
7.116302720415832450e-01
5.451848922285940091e-01
5.348173677222523015e-01
5.026695669369186659e-01
5.171897511229130995e-01
0.000000000000000000e+00
0.000000000000000000e+00
0.000000000000000000e+00
3.226644820475155773e-01
2.872115031498064242e-01
0.000000000000000000e+00
0.000000000000000000e+00
5.089691799203368561e-01
6.877312918444025147e-01
5.452413909997455566e-01
2.978615215119070347e-01
5.393655187999659706e-01
6.712901494392495838e-01
1.245232916184072502e-01
2.272663069578234607e-01
1.188169157320826952e-01
1.374050114410010071e-01
1.094098703353200419e-01
0.000000000000000000e+00
7.565185457216300202e-02
2.722393287945987228e-01
2.695838865504676107e-01
0.000000000000000000e+00
1.839599988700245381e-01
0.000000000000000000e+00
2.239611288454476934e-01
