1.000000000000000000e+00 3.435125286025028646e-02 5.470768134990922939e-03
2.000000000000000000e+00 2.115878979632192930e-02 2.730376977895096566e-03
3.000000000000000000e+00 2.014181191559083484e-02 2.743296919413650350e-03
4.000000000000000000e+00 7.926777592587361254e-02 8.746697560340263231e-03
5.000000000000000000e+00 5.534054634311703913e-02 7.397333791980272022e-03
6.000000000000000000e+00 4.163959433882313127e-02 5.156281922849061464e-03
7.000000000000000000e+00 4.107460662730585271e-02 6.754394566141171639e-03
8.000000000000000000e+00 9.189525127828469808e-02 1.012508662168193352e-02
9.000000000000000000e+00 7.909827961241842897e-02 8.179519288974928734e-03
1.000000000000000000e+01 9.161275742252605880e-02 9.920084940559506168e-03
1.100000000000000000e+01 1.561343540777987982e-01 1.790886337617727739e-02
1.200000000000000000e+01 1.376875052967597990e-01 1.519738151653573371e-02
1.300000000000000000e+01 5.615977852481708610e-02 7.106736378299415013e-03
1.400000000000000000e+01 6.881550326280402863e-02 7.252379302940127614e-03
1.500000000000000000e+01 1.606260063843611419e-01 1.724219877311147439e-02
1.600000000000000000e+01 8.455041102856013235e-02 7.856614382551986228e-03
1.700000000000000000e+01 6.630130794655215987e-02 6.678194900672695423e-03
1.800000000000000000e+01 1.074041639594338765e-01 1.345725168166591983e-02
1.900000000000000000e+01 4.353230317240600056e-02 4.116225746159289135e-03
2.000000000000000000e+01 3.748693465917116163e-02 5.584307609827134262e-03
2.100000000000000000e+01 4.178084126670245091e-02 6.364895856343201833e-03
2.200000000000000000e+01 5.276985225571343557e-02 7.650911472078991173e-03
2.300000000000000000e+01 1.197491454560863366e-01 9.732223076162336770e-03
2.400000000000000000e+01 6.172490748326223825e-02 6.634141056920019562e-03
2.500000000000000000e+01 5.274160287013757165e-02 4.626306989198586926e-03
2.600000000000000000e+01 8.816633238227068736e-02 8.504864233793546155e-03
2.700000000000000000e+01 9.432469843780898200e-02 9.877692609928092823e-03
2.800000000000000000e+01 5.056640018079607002e-02 1.111451632426080187e-02
2.900000000000000000e+01 5.853272691318963522e-02 6.016489685838636615e-03
3.000000000000000000e+01 9.169750557925365753e-02 1.229187255716007905e-02
3.100000000000000000e+01 5.596203282578603860e-02 6.909926509889265621e-03
3.200000000000000000e+01 7.101895533772140112e-02 5.161518498400343054e-03
3.300000000000000000e+01 5.728975394785163627e-02 6.337605676589749999e-03
3.400000000000000000e+01 5.683776377863781343e-02 4.758016760441545999e-03
3.500000000000000000e+01 5.189412130286166075e-02 5.445506082298189228e-03
3.600000000000000000e+01 4.740246899629933092e-02 5.173317061362976525e-03
3.700000000000000000e+01 1.234498149665244765e-01 9.860250397237195485e-03
3.800000000000000000e+01 0.000000000000000000e+00 0.000000000000000000e+00
