1.000000000000000000e+00 0.000000000000000000e+00 0.000000000000000000e+00
2.000000000000000000e+00 1.904580516141319798e-04 1.726124167899897215e-04
3.000000000000000000e+00 1.618893438720121801e-03 1.162825852404326303e-03
4.000000000000000000e+00 8.199219121988382541e-02 8.591104772241635670e-03
5.000000000000000000e+00 9.808589658127797595e-02 9.739351692692015117e-03
6.000000000000000000e+00 1.049423864393867201e-01 8.663922424405190795e-03
7.000000000000000000e+00 8.942005523283497181e-02 1.199755220916442870e-02
8.000000000000000000e+00 1.106561279878106874e-01 3.496727885909316214e-02
9.000000000000000000e+00 1.433196838396343098e-01 3.405649600354060391e-02
1.000000000000000000e+01 1.311303685363298666e-01 3.099188902903278822e-02
1.100000000000000000e+01 1.110370440910389556e-01 3.115973997656973707e-02
1.200000000000000000e+01 1.115131892200742769e-01 3.114341649780829821e-02
1.300000000000000000e+01 9.627654509094371593e-02 3.356599964555701671e-02
1.400000000000000000e+01 1.361775069041043784e-01 3.438918081299008334e-02
1.500000000000000000e+01 1.545567088848681103e-01 3.332697685426230794e-02
1.600000000000000000e+01 1.437958289686696589e-01 3.235597347246726985e-02
1.700000000000000000e+01 1.229406723169221977e-01 2.939017856092536116e-02
1.800000000000000000e+01 1.312255975621369475e-01 3.196879089144033514e-02
1.900000000000000000e+01 1.863632035044281432e-01 4.039268066922985928e-02
2.000000000000000000e+01 1.704599561946481268e-01 4.158369137167721580e-02
2.100000000000000000e+01 1.600799923816779435e-01 4.121052890954698955e-02
2.200000000000000000e+01 1.730311398914389232e-01 4.061030319190805232e-02
2.300000000000000000e+01 1.654128178268736427e-01 3.915144806878000788e-02
2.400000000000000000e+01 1.759832396914579600e-01 4.101402983515387013e-02
2.500000000000000000e+01 1.722693076849823868e-01 3.980107640141911096e-02
2.600000000000000000e+01 1.689362917817350818e-01 3.901705482530318930e-02
2.700000000000000000e+01 1.943624416722216919e-01 3.607768931730868933e-02
2.800000000000000000e+01 2.230263784401485538e-01 3.659789304140595445e-02
2.900000000000000000e+01 2.597847824016760176e-01 2.770054022676640693e-02
3.000000000000000000e+01 2.490239024854775662e-01 2.654166245772379695e-02
3.100000000000000000e+01 1.357013617750690293e-01 1.390928808522371579e-02
3.200000000000000000e+01 1.115131892200742769e-01 1.543729510055501242e-02
3.300000000000000000e+01 8.046852680697076654e-02 1.238050227170011883e-02
3.400000000000000000e+01 9.275307113608227683e-02 1.198217239368882213e-02
3.500000000000000000e+01 7.370726597466907559e-02 1.073896836684004076e-02
3.600000000000000000e+01 6.037520236167984167e-02 9.985440633884850800e-03
3.700000000000000000e+01 0.000000000000000000e+00 0.000000000000000000e+00
3.800000000000000000e+01 0.000000000000000000e+00 0.000000000000000000e+00
