1.000000000000000000e+00 0.000000000000000000e+00 0.000000000000000000e+00
2.000000000000000000e+00 8.474815672759117367e-05 4.315573861672991488e-05
3.000000000000000000e+00 5.367383259414107259e-04 2.821329053817840183e-04
4.000000000000000000e+00 8.607587784965677058e-02 6.179672993222171812e-03
5.000000000000000000e+00 1.333088505325009110e-01 7.290738793037213755e-03
6.000000000000000000e+00 1.472075482358258802e-01 9.444092638991843230e-03
7.000000000000000000e+00 1.330828554478939996e-01 1.107942554644075935e-02
8.000000000000000000e+00 1.326591146642560615e-01 1.694875618845667620e-02
9.000000000000000000e+00 1.771518969462414217e-01 2.580078892325085929e-02
1.000000000000000000e+01 1.681403429475408773e-01 2.505122353624181578e-02
1.100000000000000000e+01 1.470098025367948258e-01 2.557106220373452782e-02
1.200000000000000000e+01 1.441566145936325760e-01 2.632370648534514829e-02
1.300000000000000000e+01 1.324331195796491500e-01 2.902917898767317859e-02
1.400000000000000000e+01 2.122941326026158981e-01 3.070397814370403808e-02
1.500000000000000000e+01 2.275488008135823081e-01 2.987110866704268883e-02
1.600000000000000000e+01 2.010508771434221242e-01 2.758991974567396102e-02
1.700000000000000000e+01 1.510494646741433467e-01 2.397383455065507998e-02
1.800000000000000000e+01 1.338738382440181895e-01 2.344226726586140855e-02
1.900000000000000000e+01 1.670668662956580619e-01 2.350554671275716795e-02
2.000000000000000000e+01 1.428006440859911352e-01 2.266459547686413070e-02
2.100000000000000000e+01 1.345235741122630668e-01 2.240704986293114501e-02
2.200000000000000000e+01 1.541003983163366231e-01 2.504127155619024353e-02
2.300000000000000000e+01 1.447498516907257393e-01 2.421572949047512066e-02
2.400000000000000000e+01 1.619537275064267257e-01 3.029698563536362479e-02
2.500000000000000000e+01 1.597220260459334962e-01 3.049883457599406045e-02
2.600000000000000000e+01 1.544393909432469902e-01 3.022571617158307036e-02
2.700000000000000000e+01 1.802875787451622969e-01 2.829424710923013689e-02
2.800000000000000000e+01 2.471821237888076062e-01 2.441202095555777482e-02
2.900000000000000000e+01 2.926353851803723538e-01 2.556697817771789311e-02
3.000000000000000000e+01 2.826351026865165927e-01 2.520415489149454430e-02
3.100000000000000000e+01 1.448063504618774533e-01 1.648784002162419215e-02
3.200000000000000000e+01 1.058504477527613813e-01 1.356484892496332036e-02
3.300000000000000000e+01 7.969151670951156452e-02 7.963914894461628785e-03
3.400000000000000000e+01 1.005960620356507185e-01 9.524582548312558739e-03
3.500000000000000000e+01 8.503065058334981219e-02 9.399246084272833493e-03
3.600000000000000000e+01 6.774202661092121325e-02 8.607441523871208963e-03
3.700000000000000000e+01 0.000000000000000000e+00 0.000000000000000000e+00
3.800000000000000000e+01 0.000000000000000000e+00 0.000000000000000000e+00
