7.9101 10.1945 13.3554 7.9113
15.8201 10.6389 13.1012 8.7325
23.7302 7.8455 9.2652 6.6639
31.6402 10.0870 12.5364 8.2027
39.5503 11.5024 14.2441 9.4078
47.4603 11.5192 13.7732 9.7214
55.3704 11.1080 12.9660 9.5776
63.2804 9.7217 11.2486 8.4399
71.1905 8.5893 10.3487 7.1671
79.1005 7.8561 9.4443 6.5599
87.0106 7.1757 8.5595 6.0284
94.9206 6.6791 7.9292 5.6317
102.8307 6.2099 7.3242 5.2646
110.7407 6.2661 7.3394 5.3500
118.6508 6.1819 7.1487 5.3453
126.5608 5.8402 6.7334 5.0621
134.4709 5.3478 6.4812 4.3998
142.3809 4.8324 6.0475 3.8358
150.2910 4.4856 6.1518 3.2141
158.2010 4.2707 5.8659 3.0467
166.1111 4.0108 5.5219 2.8435
174.0211 3.8518 5.3131 2.7184
181.9312 3.6970 5.1108 2.5962
189.8412 3.4830 4.7541 2.4751
197.7513 3.2881 5.2472 1.8996
205.6613 3.1803 4.9492 1.8940
213.5714 3.1450 4.8994 1.8677
221.4814 3.1426 4.8960 1.8659
229.3915 3.1452 4.8997 1.8678
237.3015 3.1570 4.9164 1.8767
245.2116 3.2234 4.1855 2.4238
253.1216 3.3093 4.7471 2.2040
261.0317 3.4503 4.9342 2.3142
268.9417 3.6235 5.1650 2.4489
276.8518 3.7421 5.3238 2.5408
284.7619 3.7623 5.2731 2.6018
292.6719 3.7598 5.2697 2.5998
300.5820 3.8210 5.3509 2.6476
308.4920 3.8088 5.3347 2.6381
316.4021 3.8012 5.3247 2.6322
324.3121 3.7431 4.6261 2.9927
332.2222 3.7527 5.0330 2.7334
340.1322 3.6990 4.9646 2.6901
348.0423 3.6482 4.4599 2.9508
355.9523 3.6001 4.8392 2.6102
363.8624 3.5713 4.8027 2.5869
371.7724 3.6130 4.7144 2.7127
379.6825 3.6142 4.7158 2.7137
387.5925 3.6536 4.3925 3.0106
395.5026 3.7682 4.5250 3.1107
403.4126 3.7883 4.9315 2.8572
411.3227 3.7274 4.4496 3.0967
419.2327 3.6696 4.6878 2.8249
427.1428 3.6434 4.3311 3.0397
435.0528 3.5760 4.5741 2.7465
442.9629 3.5065 4.4897 2.6882
450.8729 3.4720 4.4019 2.6915
458.7830 3.4080 4.3251 2.6373
466.6930 3.3770 4.2879 2.6110
474.6031 3.3032 4.1996 2.5485
482.5131 3.2447 4.1296 2.4989
490.4232 3.2165 4.0596 2.5009
498.3332 3.2142 4.0569 2.4990
506.2433 3.2548 4.1050 2.5336
514.1533 3.2631 4.1149 2.5407
522.0634 3.2340 4.0804 2.5159
529.9734 3.1889 3.9556 2.5293
537.8835 3.1789 3.9439 2.5207
545.7935 3.1753 3.9398 2.5176
553.7036 3.2024 3.9714 2.5410
561.6137 3.2431 4.0190 2.5762
569.5237 3.2168 3.9273 2.5991
577.4338 3.2188 3.9296 2.6008
585.3438 3.2265 3.9385 2.6076
593.2539 3.1940 3.9009 2.5791
601.1639 3.1588 3.8602 2.5483
609.0740 3.1156 3.7714 2.5404
616.9840 3.1115 3.7667 2.5368
624.8941 3.0792 3.7298 2.5084
632.8041 3.0394 3.6841 2.4732
640.7142 3.0177 3.6594 2.4541
648.6242 2.9718 3.5820 2.4329
656.5343 2.9355 3.5407 2.4007
664.4443 2.9067 3.5081 2.3751
672.3544 2.9039 3.5049 2.3727
680.2644 2.9028 3.5036 2.3717
688.1745 2.9048 3.5059 2.3734
696.0845 2.9588 3.5326 2.4486
703.9946 3.0354 3.6191 2.5170
711.9046 3.0374 3.6214 2.5187
719.8147 3.0455 3.6305 2.5259
727.7247 3.0233 3.6054 2.5062
735.6348 2.9929 3.5503 2.4956
743.5448 2.9562 3.5090 2.4626
751.4549 2.9574 3.5104 2.4638
759.3649 2.9305 3.4802 2.4396
767.2750 2.9084 3.4554 2.4198
775.1850 2.8951 3.4229 2.4219
783.0951 2.8753 3.4008 2.4041
791.0051 2.8586 3.3822 2.3891
798.9152 2.8241 3.3435 2.3580
806.8252 2.7982 3.3146 2.3347
814.7353 2.7881 3.2931 2.3339
822.6453 2.8185 3.3271 2.3613
830.5554 2.8410 3.3522 2.3816
838.4655 2.8733 3.3881 2.4106
846.3755 2.9076 3.4265 2.4416
854.2856 2.9566 3.4777 2.4886
862.1956 2.9990 3.5250 2.5267
870.1057 3.0359 3.5662 2.5600
878.0157 3.0388 3.5694 2.5625
885.9258 3.0219 3.5506 2.5473
893.8358 3.0114 3.5218 2.5517
901.7459 3.0108 3.5211 2.5511
909.6559 3.0257 3.5378 2.5646
917.5660 3.0464 3.5608 2.5833
925.4760 3.0739 3.5914 2.6081
933.3861 3.1118 3.6191 2.6541
941.2961 3.1328 3.6424 2.6731
949.2062 3.1476 3.6589 2.6865
957.1162 3.1330 3.6427 2.6733
965.0263 3.1314 3.6409 2.6719
972.9363 3.1173 3.6027 2.6774
980.8464 3.0887 3.5711 2.6515
988.7564 3.0786 3.5599 2.6423
996.6665 3.0819 3.5636 2.6453
1004.5765 3.0841 3.5660 2.6473
1012.4866 3.0862 3.5490 2.6651
1020.3966 3.0937 3.5573 2.6719
1028.3067 3.0647 3.5253 2.6455
1036.2167 3.0415 3.4998 2.6243
1044.1268 3.0313 3.4886 2.6151
1052.0368 3.0130 3.4685 2.5984
1059.9469 3.0166 3.4605 2.6115
1067.8569 3.0374 3.4834 2.6305
1075.7670 3.0327 3.4782 2.6262
1083.6770 3.0370 3.4830 2.6302
1091.5871 3.0533 3.5009 2.6451
1099.4971 3.0845 3.5197 2.6864
1107.4072 3.1144 3.5525 2.7138
1115.3172 3.1231 3.5621 2.7218
1123.2273 3.1090 3.5465 2.7088
1131.1374 3.1156 3.5538 2.7149
1139.0474 3.1319 3.5608 2.7390
1146.9575 3.1491 3.5795 2.7547
1154.8675 3.1592 3.5906 2.7641
1162.7776 3.1587 3.5900 2.7635
1170.6876 3.1687 3.6009 2.7727
1178.5977 3.1680 3.5876 2.7828
1186.5077 3.1561 3.5746 2.7718
1194.4178 3.1331 3.5495 2.7507
1202.3278 3.1069 3.5209 2.7265
1210.2379 3.0893 3.5018 2.7104
1218.1479 3.1065 3.5127 2.7328
1226.0580 3.0919 3.4967 2.7193
1233.9680 3.0873 3.4918 2.7151
1241.8781 3.0828 3.4869 2.7110
1249.7881 3.0740 3.4772 2.7028
1257.6982 3.0652 3.4560 2.7047
1265.6082 3.0497 3.4392 2.6904
1273.5183 3.0285 3.4161 2.6707
1281.4283 3.0271 3.4146 2.6694
1289.3384 3.0156 3.4021 2.6588
1297.2484 2.9975 3.3752 2.6484
1305.1585 2.9964 3.3739 2.6474
1313.0685 2.9722 3.3477 2.6250
1320.9786 2.9501 3.3237 2.6045
1328.8886 2.9275 3.2993 2.5836
1336.7987 2.9093 3.2802 2.5662
1344.7087 2.8921 3.2616 2.5503
1352.6188 2.8729 3.2408 2.5324
1360.5288 2.8493 3.2153 2.5106
1368.4389 2.8308 3.1952 2.4934
1376.3489 2.8117 3.1746 2.4757
1384.2590 2.7892 3.1544 2.4513
1392.1690 2.7693 3.1329 2.4329
1400.0791 2.7541 3.1164 2.4188
1407.9892 2.7384 3.0994 2.4042
1415.8992 2.7330 3.0936 2.3992
1423.8093 2.7399 3.0997 2.4067
1431.7193 2.7295 3.1763 2.3232
1439.6294 2.7406 3.1885 2.3333
1447.5394 2.7580 3.2076 2.3491
1455.4495 2.7816 3.2336 2.3706
1463.3595 2.7923 3.1502 2.4607
1471.2696 2.7945 3.2216 2.4042
1479.1796 2.7974 3.2248 2.4068
1487.0897 2.8016 3.2294 2.4107
1494.9997 2.8016 3.2295 2.4107
1502.9098 2.7913 3.1392 2.4683
1510.8198 2.7914 3.1393 2.4683
1518.7299 2.7772 3.2027 2.3884
1526.6399 2.7639 3.1881 2.3762
1534.5500 2.7527 3.1758 2.3659
1542.4600 2.7357 3.1358 2.3684
1550.3701 2.7216 3.1204 2.3554
1558.2801 2.7090 3.1066 2.3438
1566.1902 2.6965 3.0930 2.3323
1574.1002 2.6868 3.0824 2.3233
1582.0103 2.6708 3.0650 2.3086
1589.9203 2.6613 3.0547 2.2999
1597.8304 2.6476 3.0397 2.2873
1605.7404 2.6341 3.0249 2.2748
1613.6505 2.6225 3.0124 2.2642
1621.5605 2.6185 3.0087 2.2599
1629.4706 2.6078 2.9970 2.2500
1637.3806 2.6081 2.9974 2.2503
1645.2907 2.6073 2.9964 2.2495
1653.2007 2.5926 2.9805 2.2360
1661.1108 2.5924 2.9803 2.2359
1669.0208 2.5816 2.9684 2.2259
1676.9309 2.6050 2.9940 2.2475
1684.8410 2.6160 3.0059 2.2576
1692.7510 2.6086 2.9979 2.2508
1700.6611 2.6148 3.0047 2.2565
1708.5711 2.6192 2.9896 2.2773
1716.4812 2.6247 2.9956 2.2824
1724.3912 2.6174 2.9877 2.2756
1732.3013 2.6205 2.9911 2.2786
1740.2113 2.6489 3.0219 2.3048
1748.1214 2.6646 3.0389 2.3192
1756.0314 2.6795 3.0551 2.3331
1763.9415 2.6778 3.0533 2.3315
1771.8515 2.6687 3.0434 2.3231
1779.7616 2.6682 3.0428 2.3226
1787.6716 2.6620 3.0220 2.3290
1795.5817 2.6582 3.0178 2.3254
1803.4917 2.6466 3.0053 2.3147
1811.4018 2.6318 2.9893 2.3010
1819.3118 2.6189 2.9753 2.2890
1827.2219 2.6077 2.9632 2.2786
1835.1319 2.5950 2.9495 2.2669
1843.0420 2.5868 2.9406 2.2593
1850.9520 2.5776 2.9306 2.2507
1858.8621 2.5621 2.9139 2.2364
1866.7721 2.5505 2.9041 2.2232
1874.6822 2.5427 2.8957 2.2159
1882.5922 2.5375 2.8901 2.2112
1890.5023 2.5309 2.8829 2.2050
1898.4123 2.5279 2.8797 2.2022
1906.3224 2.5193 2.8704 2.1943
1914.2324 2.5098 2.8601 2.1854
1922.1425 2.5009 2.8504 2.1772
1930.0525 2.5086 2.8588 2.1844
1937.9626 2.5078 2.8579 2.1836
1945.8726 2.5140 2.8521 2.2000
1953.7827 2.5221 2.8609 2.2076
1961.6928 2.5321 2.8717 2.2169
1969.6028 2.5362 2.8761 2.2207
1977.5129 2.5318 2.8714 2.2166
1985.4229 2.5201 2.8588 2.2057
1993.3330 2.5154 2.8536 2.2013
2001.2430 2.5282 2.8674 2.2132
2009.1531 2.5307 2.8702 2.2156
2017.0631 2.5371 2.8770 2.2215
2024.9732 2.5540 2.8837 2.2473
2032.8832 2.5680 2.8988 2.2604
2040.7933 2.5834 2.9154 2.2747
2048.7033 2.6002 2.9334 2.2903
2056.6134 2.6218 2.9567 2.3104
2064.5234 2.6316 2.9673 2.3196
2072.4335 2.6318 2.9675 2.3197
2080.3435 2.6435 2.9801 2.3306
2088.2536 2.6427 2.9792 2.3299
2096.1636 2.6309 2.9665 2.3189
2104.0737 2.6221 2.9570 2.3107
2111.9837 2.6180 2.9466 2.3121
2119.8938 2.6140 2.9423 2.3084
2127.8038 2.6040 2.9315 2.2990
2135.7139 2.6010 2.9283 2.2963
2143.6239 2.5985 2.9257 2.2939
2151.5340 2.5947 2.9215 2.2903
2159.4440 2.5927 2.9194 2.2885
2167.3541 2.5907 2.9173 2.2866
2175.2641 2.5847 2.9107 2.2810
2183.1742 2.5782 2.9038 2.2750
2191.0842 2.5795 2.8954 2.2846
2198.9943 2.5825 2.8987 2.2874
2206.9043 2.5860 2.9024 2.2907
2214.8144 2.5952 2.9124 2.2993
2222.7244 2.6062 2.9242 2.3096
2230.6345 2.6056 2.9235 2.3090
2238.5446 2.6094 2.9276 2.3126
2246.4546 2.6198 2.9387 2.3223
2254.3647 2.6209 2.9399 2.3233
2262.2747 2.6088 2.9269 2.3120
2270.1848 2.5972 2.9034 2.3109
2278.0948 2.5888 2.8944 2.3030
2286.0049 2.5848 2.8901 2.2992
2293.9149 2.5847 2.8900 2.2991
2301.8250 2.5876 2.8931 2.3018
2309.7350 2.6008 2.9072 2.3142
2317.6451 2.6169 2.9244 2.3292
2325.5551 2.6231 2.9311 2.3351
2333.4652 2.6318 2.9404 2.3432
2341.3752 2.6328 2.9415 2.3442
2349.2853 2.6321 2.9314 2.3517
2357.1953 2.6471 2.9474 2.3658
2365.1054 2.6565 2.9575 2.3746
2373.0154 2.6596 2.9607 2.3775
2380.9255 2.6601 2.9613 2.3779
2388.8355 2.6610 2.9622 2.3788
2396.7456 2.6694 2.9713 2.3867
2404.6556 2.6719 2.9740 2.3891
2412.5657 2.6711 2.9731 2.3883
2420.4757 2.6662 2.9678 2.3836
2428.3858 2.6579 2.9590 2.3759
2436.2958 2.6514 2.9426 2.3781
2444.2059 2.6507 2.9418 2.3774
2452.1159 2.6577 2.9494 2.3840
2460.0260 2.6704 2.9629 2.3959
2467.9360 2.6770 2.9699 2.4021
2475.8461 2.6794 2.9725 2.4044
2483.7561 2.6807 2.9738 2.4055
2491.6662 2.6754 2.9682 2.4006
2499.5762 2.6770 2.9699 2.4021
2507.4863 2.6750 2.9678 2.4002
2515.3964 2.6722 2.9556 2.4058
2523.3064 2.6690 2.9522 2.4028
2531.2165 2.6627 2.9454 2.3968
2539.1265 2.6580 2.9404 2.3924
2547.0366 2.6506 2.9325 2.3854
2554.9466 2.6401 2.9214 2.3755
2562.8567 2.6312 2.9119 2.3672
2570.7667 2.6255 2.9059 2.3618
2578.6768 2.6164 2.8962 2.3533
2586.5868 2.6128 2.8923 2.3498
2594.4969 2.6122 2.8903 2.3506
2602.4069 2.6116 2.8897 2.3500
2610.3170 2.6145 2.8927 2.3527
2618.2270 2.6170 2.8953 2.3551
2626.1371 2.6134 2.8915 2.3517
2634.0471 2.6260 2.9050 2.3636
2641.9572 2.6213 2.8999 2.3591
2649.8672 2.6226 2.9013 2.3603
2657.7773 2.6171 2.8955 2.3552
2665.6873 2.6147 2.8929 2.3529
2673.5974 2.6275 2.8982 2.3724
2681.5074 2.6359 2.9071 2.3803
2689.4175 2.6356 2.9068 2.3801
2697.3275 2.6302 2.9010 2.3749
2705.2376 2.6267 2.8973 2.3716
2713.1476 2.6228 2.8931 2.3679
2721.0577 2.6218 2.8921 2.3670
2728.9677 2.6256 2.8962 2.3706
2736.8778 2.6236 2.8940 2.3687
2744.7878 2.6179 2.8880 2.3634
2752.6979 2.6160 2.8859 2.3615
2760.6079 2.6179 2.8800 2.3705
2768.5180 2.6235 2.8859 2.3757
2776.4280 2.6222 2.8845 2.3745
2784.3381 2.6292 2.8919 2.3811
2792.2481 2.6332 2.8962 2.3850
