5.862594988558998965e-01
5.986892285092799693e-01
5.998757027034662404e-01
5.660046893980056337e-01
5.531512189609876229e-01
5.669651685075849379e-01
6.101867284386565116e-01
5.990847199073420226e-01
5.980677420266109490e-01
6.031243820446905435e-01
6.019096584649283876e-01
5.603830616684086774e-01
5.953840503969038966e-01
5.911748919461001783e-01
5.718805615977852197e-01
5.550156784089945727e-01
5.602418147405293647e-01
5.553546710359049676e-01
5.719935591400886477e-01
5.159750275431509436e-01
4.672165880392101234e-01
4.108590638153620245e-01
3.202350348879912101e-01
3.786265148733015118e-01
4.398994321873499480e-01
3.845023870730811533e-01
3.533715641684793130e-01
3.429475408909856138e-01
3.837961524336845898e-01
3.617616316845108648e-01
3.450944941947512445e-01
3.289640950309331013e-01
