0.6400 12.4060 11.5952 13.2169
1.2800 9.8231 7.7417 11.9045
1.9200 9.0812 6.6250 11.5374
2.5600 8.4843 6.8971 10.0716
3.2000 8.5105 6.9233 10.0978
3.8400 8.6729 7.5394 9.8065
4.4801 8.5075 7.6277 9.3874
5.1201 8.1269 7.3460 8.9077
5.7601 7.7393 6.9127 8.5660
6.4001 7.5217 6.9593 8.0841
7.0401 7.2507 6.3724 8.1289
7.6801 7.0838 6.2055 7.9620
8.3201 6.7896 5.8721 7.7071
8.9601 6.5614 5.6439 7.4788
9.6001 6.3549 5.4375 7.2724
10.2401 6.1715 4.8530 7.4900
10.8801 6.0503 4.7318 7.3689
11.5201 6.0596 5.2367 6.8825
12.1601 6.0463 4.7278 7.3648
12.8002 5.9672 4.6487 7.2857
13.4402 5.8364 4.8215 6.8514
14.0802 5.6856 4.6706 6.7006
14.7202 5.4926 4.4776 6.5075
15.3602 5.3696 4.3546 6.3846
16.0002 5.2669 4.2519 6.2819
16.6402 5.2198 3.6429 6.7968
17.2802 5.2079 3.6310 6.7848
17.9202 5.2934 3.7165 6.8703
18.5602 5.2639 3.6870 6.8408
19.2002 5.1456 3.5687 6.7225
19.8402 5.0085 4.1559 5.8612
20.4802 4.9196 4.0670 5.7723
21.1203 4.8924 4.0397 5.7451
21.7603 4.8522 3.9996 5.7049
22.4003 4.7820 3.9294 5.6347
23.0403 4.6642 3.8557 5.4727
23.6803 4.5559 3.7474 5.3644
24.3203 4.4529 3.6444 5.2614
24.9603 4.3589 3.1226 5.5952
25.6003 4.2807 3.0444 5.5170
26.2403 4.2063 2.9948 5.4177
26.8803 4.1356 2.9241 5.3471
27.5203 4.0745 2.8630 5.2860
28.1603 4.0028 2.3278 5.6779
28.8003 3.9382 2.2631 5.6133
29.4404 3.8656 2.1905 5.5407
30.0804 3.7982 2.1231 5.4733
30.7204 3.7429 2.0678 5.4179
31.3604 3.6887 2.0136 5.3638
32.0004 3.6544 1.9793 5.3295
32.6404 3.6199 1.9448 5.2949
33.2804 3.5973 1.9222 5.2724
33.9204 3.5814 1.9064 5.2565
34.5604 3.5647 1.8897 5.2398
35.2004 3.5408 1.8657 5.2158
35.8404 3.5191 1.8440 5.1942
36.4804 3.4948 1.8197 5.1698
37.1204 3.4678 1.7927 5.1429
37.7605 3.4400 1.7650 5.1151
38.4005 3.3998 1.7247 5.0748
39.0405 3.3592 1.6841 5.0343
39.6805 3.3219 2.0206 4.6233
40.3205 3.2997 1.9983 4.6011
40.9605 3.2780 1.9766 4.5793
41.6005 3.2679 1.9666 4.5693
42.2405 3.2583 1.9569 4.5597
42.8805 3.2385 1.9371 4.5398
43.5205 3.2376 1.9363 4.5390
44.1605 3.2330 1.9316 4.5344
44.8005 3.2289 1.9276 4.5303
45.4405 3.2209 1.9195 4.5222
46.0806 3.2055 1.9041 4.5069
46.7206 3.1904 1.8890 4.4917
47.3606 3.1758 1.8744 4.4772
48.0006 3.1609 1.8596 4.4623
48.6406 3.1540 1.8527 4.4554
49.2806 3.1493 1.8480 4.4507
49.9206 3.1379 1.8365 4.4393
50.5606 3.1256 1.8242 4.4270
51.2006 3.1007 1.7994 4.4021
51.8406 3.0756 1.7742 4.3770
52.4806 3.0508 2.0870 4.0146
53.1206 3.0268 2.0630 3.9906
53.7606 3.0090 2.0452 3.9728
54.4007 2.9904 2.0267 3.9542
55.0407 2.9690 2.0052 3.9328
55.6807 2.9454 1.7880 4.1027
56.3207 2.9236 1.7663 4.0810
56.9607 2.9019 1.7446 4.0593
57.6007 2.8813 1.7240 4.0387
58.2407 2.8666 1.7092 4.0239
58.8807 2.8514 1.6940 4.0087
59.5207 2.8338 1.6764 3.9911
60.1607 2.8244 1.6670 3.9817
60.8007 2.8143 1.6569 3.9716
61.4407 2.7983 1.6409 3.9556
62.0807 2.7810 1.6237 3.9383
62.7208 2.7585 1.6012 3.9159
63.3608 2.7403 1.5830 3.8977
64.0008 2.7278 1.5704 3.8851
64.6408 2.7159 1.5585 3.8732
65.2808 2.7056 1.5482 3.8629
65.9208 2.6910 1.5337 3.8484
66.5608 2.6813 1.5240 3.8387
67.2008 2.6738 1.5165 3.8312
67.8408 2.6650 1.5077 3.8224
68.4808 2.6490 1.4916 3.8063
69.1208 2.6367 1.4794 3.7941
69.7608 2.6295 1.4721 3.7868
70.4008 2.6204 1.4631 3.7778
71.0408 2.6043 1.4469 3.7616
71.6809 2.5925 1.4352 3.7499
72.3209 2.5762 1.4189 3.7335
72.9609 2.5617 1.4044 3.7191
73.6009 2.5570 1.3996 3.7143
74.2409 2.5500 1.3927 3.7073
74.8809 2.5363 1.3790 3.6937
75.5209 2.5226 1.3652 3.6799
76.1609 2.5094 1.3520 3.6667
76.8009 2.4973 1.3400 3.6547
77.4409 2.4909 1.3336 3.6483
78.0809 2.4799 1.3225 3.6372
78.7209 2.4697 1.5842 3.3553
79.3609 2.4554 1.5698 3.3409
80.0010 2.4469 1.5614 3.3325
80.6410 2.4358 1.5502 3.3213
81.2810 2.4273 1.5417 3.3129
81.9210 2.4181 1.5325 3.3036
82.5610 2.4063 1.5207 3.2919
83.2010 2.3992 1.5137 3.2848
83.8410 2.3973 1.5118 3.2829
84.4810 2.3914 1.5058 3.2769
85.1210 2.3851 1.4996 3.2707
85.7610 2.3789 1.4933 3.2645
86.4010 2.3716 1.4860 3.2571
87.0410 2.3655 1.4799 3.2511
87.6810 2.3589 1.4733 3.2445
88.3211 2.3506 1.4650 3.2362
88.9611 2.3427 1.4571 3.2282
89.6011 2.3538 1.4683 3.2394
90.2411 2.3585 1.4730 3.2441
90.8811 2.3653 1.4798 3.2509
91.5211 2.3705 1.4849 3.2560
92.1611 2.3736 1.4881 3.2592
92.8011 2.3780 1.4925 3.2636
93.4411 2.3808 1.4952 3.2663
94.0811 2.3741 1.4886 3.2597
94.7211 2.3632 1.4776 3.2487
95.3611 2.3536 1.4680 3.2391
96.0011 2.3464 1.4608 3.2320
96.6412 2.3357 1.4501 3.2213
97.2812 2.3282 1.4426 3.2137
97.9212 2.3212 1.4356 3.2067
98.5612 2.3129 1.4273 3.1985
99.2012 2.3111 1.4255 3.1966
99.8412 2.3043 1.4187 3.1899
100.4812 2.2965 1.4109 3.1820
101.1212 2.2888 1.4032 3.1743
101.7612 2.2791 1.3935 3.1647
102.4012 2.2714 1.3858 3.1570
103.0412 2.2646 1.3790 3.1501
103.6812 2.2550 1.3694 3.1405
104.3212 2.2460 1.3605 3.1316
104.9613 2.2380 1.5702 2.9058
105.6013 2.2293 1.5615 2.8971
106.2413 2.2227 1.5549 2.8904
106.8813 2.2238 1.5560 2.8915
107.5213 2.2179 1.5501 2.8857
108.1613 2.2187 1.5509 2.8865
108.8013 2.2251 1.5573 2.8929
109.4413 2.2221 1.5543 2.8899
110.0813 2.2152 1.5474 2.8830
110.7213 2.2078 1.5400 2.8755
111.3613 2.1998 1.5320 2.8675
112.0013 2.1944 1.5266 2.8622
112.6413 2.1925 1.5247 2.8603
113.2814 2.1842 1.5164 2.8520
113.9214 2.1758 1.5080 2.8436
114.5614 2.1667 1.4990 2.8345
115.2014 2.1585 1.4907 2.8263
115.8414 2.1496 1.4819 2.8174
116.4814 2.1420 1.4742 2.8098
117.1214 2.1333 1.4655 2.8011
117.7614 2.1299 1.4621 2.7977
118.4014 2.1242 1.4564 2.7920
119.0414 2.1200 1.4523 2.7878
119.6814 2.1141 1.4463 2.7819
120.3214 2.1068 1.4390 2.7746
120.9614 2.1022 1.4344 2.7700
121.6015 2.0955 1.4277 2.7633
122.2415 2.0886 1.4208 2.7564
122.8815 2.0803 1.4125 2.7481
123.5215 2.0726 1.4048 2.7403
124.1615 2.0654 1.3976 2.7332
124.8015 2.0576 1.3899 2.7254
125.4415 2.0510 1.3832 2.7187
126.0815 2.0459 1.3781 2.7137
126.7215 2.0396 1.3718 2.7074
127.3615 2.0347 1.3669 2.7025
128.0015 2.0293 1.3615 2.6971
128.6415 2.0251 1.3573 2.6928
129.2815 2.0247 1.3569 2.6925
129.9216 2.0214 1.2083 2.8346
130.5616 2.0185 1.2054 2.8317
131.2016 2.0129 1.4482 2.5775
131.8416 2.0096 1.4449 2.5742
132.4816 2.0036 1.4389 2.5682
133.1216 1.9971 1.4324 2.5617
133.7616 1.9920 1.4274 2.5567
134.4016 1.9931 1.4285 2.5578
135.0416 1.9959 1.4313 2.5606
135.6816 1.9925 1.4279 2.5572
136.3216 1.9867 1.4220 2.5513
136.9616 1.9811 1.4165 2.5458
137.6016 1.9775 1.4128 2.5421
138.2417 1.9749 1.4102 2.5395
138.8817 1.9716 1.4069 2.5362
139.5217 1.9691 1.4045 2.5338
140.1617 1.9711 1.4065 2.5357
140.8017 1.9752 1.4106 2.5399
141.4417 1.9733 1.4087 2.5379
142.0817 1.9685 1.4039 2.5331
142.7217 1.9678 1.4032 2.5325
143.3617 1.9802 1.4156 2.5448
144.0017 1.9883 1.4236 2.5529
144.6417 2.0002 1.4356 2.5649
145.2817 2.0204 1.4558 2.5850
145.9217 2.0393 1.4747 2.6039
146.5618 2.0552 1.4905 2.6198
147.2018 2.0629 1.4983 2.6276
147.8418 2.0745 1.5099 2.6392
148.4818 2.0879 1.5233 2.6526
149.1218 2.0969 1.5322 2.6615
149.7618 2.1040 1.5393 2.6686
150.4018 2.1086 1.5440 2.6733
151.0418 2.1051 1.5405 2.6698
151.6818 2.1001 1.5355 2.6648
152.3218 2.0981 1.5334 2.6627
152.9618 2.1056 1.5410 2.6703
153.6018 2.1061 1.5415 2.6707
154.2418 2.1058 1.5412 2.6704
154.8819 2.1084 1.5438 2.6731
155.5219 2.1126 1.5479 2.6772
156.1619 2.1184 1.5537 2.6830
156.8019 2.1267 1.5621 2.6913
157.4419 2.1319 1.6561 2.6077
158.0819 2.1365 1.6607 2.6123
158.7219 2.1397 1.6639 2.6155
