0.6400 13.3607 12.8804 13.8410
1.2800 12.9022 12.5781 13.2263
1.9200 12.2116 11.8625 12.5607
2.5600 12.3423 12.0132 12.6715
3.2000 11.9341 11.6074 12.2609
3.8400 11.8328 11.5496 12.1159
4.4800 11.6257 11.3662 11.8851
5.1200 11.1629 10.7841 11.5417
5.7600 10.6928 10.1408 11.2448
6.4000 10.2501 9.6648 10.8354
7.0400 10.0128 9.4377 10.5880
7.6800 9.8152 9.0194 10.6110
8.3200 9.5616 8.7950 10.3282
8.9600 9.3519 8.5853 10.1185
9.6000 9.0337 7.9026 10.1648
10.2400 8.8102 7.6883 9.9321
10.8800 8.5957 7.0170 10.1744
11.5200 8.4131 6.8344 9.9919
12.1600 8.1975 6.6188 9.7762
12.8000 8.0236 6.4449 9.6024
13.4400 7.8003 6.2690 9.3316
14.0800 7.5746 5.3039 9.8452
14.7200 7.4204 5.1497 9.6911
15.3600 7.2419 4.9712 9.5125
16.0000 7.0933 4.8226 9.3640
16.6400 6.9679 4.6972 9.2386
17.2800 6.9088 4.6381 9.1795
17.9200 6.8040 4.5333 9.0747
18.5600 6.7220 4.4513 8.9926
19.2000 6.6075 4.3369 8.8782
19.8400 6.4535 4.5191 8.3879
20.4800 6.3425 4.4081 8.2769
21.1200 6.2270 4.2925 8.1614
21.7600 6.0862 4.1517 8.0206
22.4000 5.9691 4.0347 7.9035
23.0400 5.8476 3.9132 7.7820
23.6800 5.7293 3.7949 7.6638
24.3200 5.6326 3.6981 7.5670
24.9600 5.5512 3.6168 7.4856
25.6000 5.4762 3.5418 7.4106
26.2400 5.4477 2.9772 7.9181
26.8800 5.3757 2.9053 7.8462
27.5200 5.3699 2.8995 7.8403
28.1600 5.3952 2.9248 7.8656
28.8000 5.3751 2.9046 7.8455
29.4400 5.3163 2.8459 7.7867
30.0800 5.2303 2.7599 7.7008
30.7200 5.1444 2.6740 7.6148
31.3600 5.0751 2.6047 7.5456
32.0000 5.0557 2.5853 7.5261
32.6400 4.9949 2.5245 7.4653
33.2800 4.9565 2.4861 7.4269
33.9200 4.9132 2.4428 7.3837
34.5600 4.8859 2.4155 7.3563
35.2000 4.8405 2.3701 7.3109
35.8400 4.7664 2.2959 7.2368
36.4800 4.6950 2.2246 7.1654
37.1200 4.6283 2.1579 7.0987
37.7600 4.5707 2.1003 7.0411
38.4000 4.5090 2.0386 6.9794
39.0400 4.4592 1.9887 6.9296
39.6800 4.4070 2.6585 6.1555
40.3200 4.3485 2.6000 6.0970
40.9600 4.3049 2.5564 6.0534
41.6000 4.2577 2.5092 6.0062
42.2400 4.2072 2.4587 5.9557
42.8800 4.1664 2.4179 5.9149
43.5200 4.1224 2.3739 5.8709
44.1600 4.0786 2.3301 5.8271
44.8000 4.0398 2.2912 5.7883
45.4400 4.0062 2.2577 5.7547
46.0800 3.9684 2.2199 5.7169
46.7200 3.9361 2.1876 5.6846
47.3600 3.9046 2.1561 5.6531
48.0000 3.8761 2.1276 5.6246
48.6400 3.8471 2.0985 5.5956
49.2800 3.8213 2.0728 5.5698
49.9200 3.7999 2.0514 5.5484
50.5600 3.7818 2.0333 5.5303
51.2000 3.7656 2.0171 5.5141
51.8400 3.7425 1.9940 5.4910
52.4800 3.7263 2.0076 5.4449
53.1200 3.7053 1.9866 5.4239
53.7600 3.6825 1.9638 5.4012
54.4000 3.6617 1.9430 5.3803
55.0400 3.6407 1.9221 5.3594
55.6800 3.6182 1.8995 5.3369
56.3200 3.5947 1.8760 5.3133
56.9600 3.5706 1.8520 5.2893
57.6000 3.5467 1.8281 5.2654
58.2400 3.5212 1.8026 5.2399
58.8800 3.4950 1.7763 5.2136
59.5200 3.4764 1.7577 5.1951
60.1600 3.4596 1.7409 5.1783
60.8000 3.4415 1.7228 5.1601
61.4400 3.4314 1.7127 5.1500
62.0800 3.4220 1.7034 5.1407
62.7200 3.4062 1.6875 5.1249
63.3600 3.4022 1.6835 5.1208
64.0000 3.3943 1.6757 5.1130
64.6400 3.3883 1.6696 5.1069
65.2800 3.3815 1.6628 5.1002
65.9200 3.3695 1.6509 5.0882
66.5600 3.3607 1.6420 5.0794
67.2000 3.3450 1.6264 5.0637
67.8400 3.3306 1.6120 5.0493
68.4800 3.3189 1.6002 5.0375
69.1200 3.3029 1.5842 5.0215
69.7600 3.2899 1.5713 5.0086
70.4000 3.2792 1.5606 4.9979
71.0400 3.2652 1.5465 4.9838
71.6800 3.2546 1.5359 4.9733
72.3200 3.2458 1.5272 4.9645
72.9600 3.2346 1.5160 4.9533
73.6000 3.2220 1.5034 4.9407
74.2400 3.2114 1.4928 4.9301
74.8800 3.1952 1.4765 4.9139
75.5200 3.1805 1.4618 4.8992
76.1600 3.1705 1.4518 4.8891
76.8000 3.1537 1.4351 4.8724
77.4400 3.1351 1.4165 4.8538
78.0800 3.1168 1.3982 4.8355
78.7200 3.0986 1.9248 4.2724
79.3600 3.0821 1.9083 4.2559
80.0000 3.0665 1.8927 4.2403
80.6400 3.0532 1.8794 4.2270
81.2800 3.0376 1.8638 4.2114
81.9200 3.0215 1.8477 4.1953
82.5600 3.0033 1.8295 4.1771
83.2000 2.9870 1.8132 4.1608
83.8400 2.9730 1.7992 4.1468
84.4800 2.9578 1.7840 4.1316
85.1200 2.9434 1.7696 4.1172
85.7600 2.9288 1.7550 4.1025
86.4000 2.9149 1.7411 4.0887
87.0400 2.9038 1.7301 4.0776
87.6800 2.8915 1.7177 4.0653
88.3200 2.8809 1.7071 4.0547
88.9600 2.8697 1.6959 4.0435
89.6000 2.8601 1.6863 4.0339
90.2400 2.8528 1.6790 4.0266
90.8800 2.8450 1.6712 4.0188
91.5200 2.8383 1.6645 4.0121
92.1600 2.8287 1.6550 4.0025
92.8000 2.8183 1.6445 3.9921
93.4400 2.8091 1.6353 3.9828
94.0800 2.7974 1.6236 3.9712
94.7200 2.7862 1.6124 3.9600
95.3600 2.7734 1.5996 3.9472
96.0000 2.7647 1.5909 3.9384
96.6400 2.7532 1.5794 3.9270
97.2800 2.7482 1.5744 3.9219
97.9200 2.7368 1.5630 3.9106
98.5600 2.7258 1.5520 3.8996
99.2000 2.7183 1.5445 3.8921
99.8400 2.7100 1.5362 3.8838
100.4800 2.7027 1.5290 3.8765
101.1200 2.6957 1.5219 3.8695
101.7600 2.6850 1.5112 3.8588
102.4000 2.6750 1.5012 3.8488
103.0400 2.6688 1.4950 3.8426
103.6800 2.6610 1.4873 3.8348
104.3200 2.6542 1.4804 3.8280
104.9600 2.6434 1.6968 3.5901
105.6000 2.6338 1.6872 3.5805
106.2400 2.6229 1.6762 3.5695
106.8800 2.6135 1.6668 3.5601
107.5200 2.6045 1.6579 3.5511
108.1600 2.6006 1.6540 3.5472
108.8000 2.5938 1.6472 3.5404
109.4400 2.5835 1.6368 3.5301
110.0800 2.5738 1.6272 3.5205
110.7200 2.5648 1.6181 3.5114
111.3600 2.5558 1.6091 3.5024
112.0000 2.5510 1.6044 3.4976
112.6400 2.5424 1.5957 3.4890
113.2800 2.5356 1.5890 3.4823
113.9200 2.5253 1.4430 3.6076
114.5600 2.5156 1.4334 3.5979
115.2000 2.5094 1.4271 3.5916
115.8400 2.5002 1.4180 3.5825
116.4800 2.4919 1.4096 3.5742
117.1200 2.4834 1.4012 3.5657
117.7600 2.4743 1.3920 3.5566
118.4000 2.4660 1.3837 3.5482
119.0400 2.4568 1.3745 3.5391
119.6800 2.4493 1.3671 3.5316
120.3200 2.4433 1.3610 3.5255
120.9600 2.4409 1.3587 3.5232
121.6000 2.4376 1.3553 3.5199
122.2400 2.4371 1.3548 3.5193
122.8800 2.4319 1.3496 3.5142
123.5200 2.4268 1.3446 3.5091
124.1600 2.4212 1.3390 3.5035
124.8000 2.4175 1.3352 3.4998
125.4400 2.4122 1.3300 3.4945
126.0800 2.4066 1.3243 3.4888
126.7200 2.4000 1.3177 3.4823
127.3600 2.3957 1.3134 3.4780
128.0000 2.4035 1.3212 3.4857
128.6400 2.4058 1.3235 3.4881
129.2800 2.4101 1.3278 3.4924
129.9200 2.4146 1.3323 3.4969
130.5600 2.4119 1.3297 3.4942
131.2000 2.4144 1.6454 3.1834
131.8400 2.4138 1.6448 3.1828
132.4800 2.4137 1.6448 3.1827
133.1200 2.4083 1.6393 3.1773
133.7600 2.4012 1.6322 3.1701
134.4000 2.3929 1.6239 3.1619
135.0400 2.3866 1.6176 3.1556
135.6800 2.3810 1.6120 3.1500
136.3200 2.3722 1.6032 3.1411
136.9600 2.3646 1.5956 3.1336
137.6000 2.3586 1.5896 3.1275
138.2400 2.3521 1.5831 3.1211
138.8800 2.3461 1.2638 3.4284
139.5200 2.3399 1.2576 3.4221
140.1600 2.3366 1.2544 3.4189
140.8000 2.3328 1.2505 3.4151
141.4400 2.3284 1.2462 3.4107
142.0800 2.3221 1.2398 3.4044
142.7200 2.3156 1.2334 3.3979
143.3600 2.3100 1.2278 3.3923
144.0000 2.3034 1.2211 3.3856
144.6400 2.2981 1.2158 3.3803
145.2800 2.2929 1.2106 3.3752
145.9200 2.2870 1.2048 3.3693
146.5600 2.2817 1.1995 3.3640
147.2000 2.2749 1.1927 3.3572
147.8400 2.2685 1.1862 3.3507
148.4800 2.2627 1.1805 3.3450
149.1200 2.2563 1.1740 3.3386
149.7600 2.2499 1.1677 3.3322
150.4000 2.2514 1.1691 3.3337
151.0400 2.2470 1.1647 3.3293
151.6800 2.2447 1.1624 3.3270
152.3200 2.2455 1.1632 3.3277
152.9600 2.2475 1.1652 3.3297
153.6000 2.2449 1.1626 3.3271
154.2400 2.2397 1.1574 3.3220
154.8800 2.2344 1.1521 3.3167
155.5200 2.2284 1.1462 3.3107
156.1600 2.2219 1.1397 3.3042
156.8000 2.2178 1.1356 3.3001
157.4400 2.2154 1.5570 2.8737
158.0800 2.2119 1.5535 2.8702
158.7200 2.2097 1.5514 2.8681
159.3600 2.2054 1.5471 2.8638
160.0000 2.2000 1.5416 2.8583
160.6400 2.1935 1.5352 2.8519
161.2800 2.1869 1.4286 2.9452
161.9200 2.1806 1.4223 2.9390
162.5600 2.1740 1.4156 2.9323
163.2000 2.1679 1.4096 2.9262
163.8400 2.1618 1.4035 2.9201
164.4800 2.1556 1.3973 2.9139
165.1200 2.1494 1.3911 2.9077
165.7600 2.1430 1.3847 2.9013
166.4000 2.1377 1.3794 2.8960
167.0400 2.1340 1.3757 2.8923
167.6800 2.1305 1.3721 2.8888
168.3200 2.1255 1.3672 2.8838
168.9600 2.1221 1.3638 2.8804
169.6000 2.1187 1.3604 2.8770
170.2400 2.1135 1.3552 2.8718
170.8800 2.1089 1.3506 2.8672
171.5200 2.1052 1.3469 2.8635
172.1600 2.1004 1.3421 2.8587
172.8000 2.0957 1.3374 2.8540
173.4400 2.0900 1.3317 2.8483
174.0800 2.0846 1.3262 2.8429
174.7200 2.0792 1.3209 2.8375
175.3600 2.0745 1.3162 2.8328
176.0000 2.0693 1.3110 2.8276
176.6400 2.0646 1.3063 2.8229
177.2800 2.0618 1.3035 2.8201
177.9200 2.0606 1.3022 2.8189
178.5600 2.0588 1.3005 2.8172
179.2000 2.0596 1.3013 2.8180
179.8400 2.0583 1.3000 2.8166
180.4800 2.0563 1.2980 2.8146
181.1200 2.0572 1.2989 2.8155
181.7600 2.0546 1.2963 2.8129
182.4000 2.0523 1.2940 2.8106
183.0400 2.0514 1.2931 2.8097
183.6800 2.0485 1.2902 2.8069
184.3200 2.0478 1.2895 2.8061
184.9600 2.0440 1.2857 2.8024
185.6000 2.0419 1.2836 2.8002
186.2400 2.0391 1.2808 2.7974
186.8800 2.0379 1.2796 2.7962
187.5200 2.0381 1.2798 2.7964
188.1600 2.0342 1.2758 2.7925
188.8000 2.0298 1.2715 2.7881
189.4400 2.0254 1.2671 2.7837
190.0800 2.0213 1.2630 2.7796
190.7200 2.0205 1.2622 2.7788
191.3600 2.0188 1.2605 2.7771
192.0000 2.0188 1.2605 2.7771
192.6400 2.0191 1.2608 2.7774
193.2800 2.0159 1.2576 2.7742
193.9200 2.0128 1.2545 2.7711
194.5600 2.0083 1.2500 2.7666
195.2000 2.0039 1.2456 2.7622
195.8400 2.0004 1.2421 2.7587
196.4800 1.9978 1.2395 2.7561
197.1200 1.9956 1.2372 2.7539
197.7600 1.9936 1.2353 2.7519
198.4000 1.9915 1.2332 2.7498
199.0400 1.9908 1.2325 2.7491
199.6800 1.9907 1.2324 2.7490
200.3200 1.9909 1.2326 2.7492
200.9600 1.9934 1.2350 2.7517
201.6000 1.9908 1.2325 2.7491
202.2400 1.9887 1.2304 2.7470
202.8800 1.9849 1.2266 2.7433
203.5200 1.9843 1.2260 2.7426
204.1600 1.9854 1.2271 2.7437
204.8000 1.9919 1.2336 2.7502
205.4400 1.9961 1.2378 2.7544
206.0800 2.0059 1.2476 2.7642
206.7200 2.0182 1.2599 2.7765
207.3600 2.0309 1.2726 2.7892
208.0000 2.0413 1.2830 2.7996
208.6400 2.0456 1.2873 2.8039
209.2800 2.0493 1.2910 2.8076
209.9200 2.0564 1.5533 2.5595
210.5600 2.0610 1.5579 2.5640
211.2000 2.0640 1.5609 2.5670
211.8400 2.0649 1.5618 2.5679
212.4800 2.0680 1.5649 2.5711
213.1200 2.0679 1.5648 2.5710
213.7600 2.0670 1.5640 2.5701
214.4000 2.0646 1.5615 2.5677
215.0400 2.0611 1.5580 2.5642
215.6800 2.0575 1.5544 2.5606
216.3200 2.0557 1.5526 2.5588
216.9600 2.0579 1.5549 2.5610
217.6000 2.0584 1.5553 2.5615
218.2400 2.0581 1.5550 2.5612
218.8800 2.0567 1.4966 2.6168
219.5200 2.0563 1.4962 2.6164
220.1600 2.0574 1.4973 2.6175
220.8000 2.0589 1.4988 2.6190
221.4400 2.0610 1.5009 2.6211
222.0800 2.0643 1.5042 2.6244
222.7200 2.0680 1.5079 2.6281
223.3600 2.0688 1.5087 2.6289
224.0000 2.0704 1.5103 2.6305
224.6400 2.0696 1.5095 2.6297
225.2800 2.0687 1.5086 2.6288
225.9200 2.0674 1.5073 2.6275
