1.000000000000000000e+00 0.000000000000000000e+00 0.000000000000000000e+00
2.000000000000000000e+00 8.450466184051152964e-05 0.000000000000000000e+00
3.000000000000000000e+00 8.450466184051152964e-05 0.000000000000000000e+00
4.000000000000000000e+00 7.481479394946621841e-02 5.898838217099358454e-03
5.000000000000000000e+00 1.465310836314470122e-01 1.036818085257083452e-02
6.000000000000000000e+00 1.617137545421255818e-01 1.456284051294172779e-02
7.000000000000000000e+00 1.532069519168474114e-01 1.579818174760283869e-02
8.000000000000000000e+00 1.374045801526717625e-01 1.549668073492026232e-02
9.000000000000000000e+00 1.287569364243260628e-01 1.027709674461352828e-02
1.000000000000000000e+01 9.833525816174192025e-02 8.457787767044566349e-03
1.100000000000000000e+01 6.413903833694825640e-02 7.461773102525612669e-03
1.200000000000000000e+01 1.414608039210163148e-01 4.072515559473919439e-02
1.300000000000000000e+01 1.656291372074026047e-01 3.510162875403555899e-02
1.400000000000000000e+01 2.251767555843497415e-01 2.245026832610841003e-02
1.500000000000000000e+01 2.034872257119517691e-01 1.406515869531642371e-02
1.600000000000000000e+01 1.609532125855609730e-01 1.291621794124674788e-02
1.700000000000000000e+01 1.315174220444494391e-01 1.328952054956108152e-02
1.800000000000000000e+01 1.030956874454240779e-01 1.097722669942977590e-02
1.900000000000000000e+01 1.064477056984310249e-01 1.077602216533827921e-02
2.000000000000000000e+01 7.523731725866876496e-02 1.251933081127223554e-02
2.100000000000000000e+01 6.644883242725556360e-02 1.241742849052218309e-02
2.200000000000000000e+01 5.484352553449198947e-02 1.135195966493107028e-02
2.300000000000000000e+01 5.402664713670037727e-02 8.715079780983271684e-03
2.400000000000000000e+01 4.428044280442804126e-02 8.186505645760832131e-03
2.500000000000000000e+01 4.997042336835581799e-02 8.246946720690113281e-03
2.600000000000000000e+01 4.526633052590067763e-02 7.960334543369584903e-03
2.700000000000000000e+01 1.665868567082617324e-01 3.414407987048585086e-02
2.800000000000000000e+01 2.559646207149094410e-01 2.399549193899068109e-02
2.900000000000000000e+01 2.927523168361454431e-01 2.461105976695576389e-02
3.000000000000000000e+01 2.782738514408044650e-01 2.436828075831670021e-02
3.100000000000000000e+01 1.836286301794315678e-01 1.984621759972079666e-02
3.200000000000000000e+01 1.369538886228557073e-01 1.605132412166478117e-02
3.300000000000000000e+01 6.453339342553730817e-02 8.151246688197080065e-03
3.400000000000000000e+01 8.977211909523676037e-02 8.235364207976502565e-03
3.500000000000000000e+01 7.695557871609250145e-02 7.559987021086920188e-03
3.600000000000000000e+01 6.168840314357341981e-02 6.900878028421515188e-03
3.700000000000000000e+01 0.000000000000000000e+00 0.000000000000000000e+00
3.800000000000000000e+01 0.000000000000000000e+00 0.000000000000000000e+00
