10.8169 1.0289 0.9160 1.1417
21.6338 1.1527 1.0820 1.2235
32.4507 1.2367 1.1542 1.3191
43.2676 1.5480 1.4165 1.6796
54.0845 1.8294 1.5942 2.0645
64.9014 1.9292 1.7029 2.1556
75.7183 2.2294 1.9436 2.5152
86.5352 2.2869 1.9511 2.6228
97.3521 2.1802 1.8832 2.4771
108.1690 2.1716 1.8952 2.4481
118.9859 2.1110 1.8642 2.3578
129.8028 2.1537 1.9197 2.3876
140.6197 2.1720 1.9610 2.3831
151.4366 2.1771 1.9762 2.3780
162.2535 2.1138 1.9275 2.3000
173.0704 2.0291 1.8431 2.2152
183.8873 2.0171 1.8333 2.2008
194.7042 2.0376 1.8607 2.2144
205.5211 2.0775 1.9040 2.2509
216.3380 2.0095 1.8420 2.1771
227.1549 2.0021 1.8359 2.1683
237.9718 1.9373 1.7458 2.1287
248.7887 1.8935 1.7020 2.0849
259.6056 1.8591 1.6680 2.0502
270.4225 1.8565 1.6728 2.0402
281.2394 1.8128 1.6360 1.9897
292.0563 1.7907 1.6187 1.9628
302.8732 1.7556 1.5835 1.9276
313.6901 1.7167 1.5469 1.8866
324.5070 1.6818 1.5128 1.8508
335.3239 1.6564 1.4897 1.8230
346.1408 1.6361 1.4743 1.7979
356.9577 1.6205 1.4586 1.7823
367.7746 1.5955 1.4383 1.7527
378.5915 1.5602 1.4043 1.7160
389.4085 1.5295 1.3734 1.6855
400.2254 1.5056 1.3496 1.6617
411.0423 1.4813 1.2890 1.6736
421.8592 1.4672 1.2782 1.6561
432.6761 1.4423 1.2534 1.6312
443.4930 1.4206 1.2367 1.6046
454.3099 1.4055 1.2216 1.5894
465.1268 1.3824 1.1985 1.5663
475.9437 1.3632 1.1831 1.5432
486.7606 1.3525 1.1725 1.5326
497.5775 1.3420 1.1620 1.5221
508.3944 1.3278 1.1555 1.5002
519.2113 1.3205 1.1482 1.4929
530.0282 1.3165 1.1517 1.4813
540.8451 1.3145 1.1497 1.4793
551.6620 1.3158 1.1510 1.4806
562.4789 1.3118 1.1555 1.4682
573.2958 1.3069 1.1505 1.4633
584.1127 1.2933 1.1435 1.4432
594.9296 1.2826 1.1327 1.4324
605.7465 1.2760 1.1261 1.4258
616.5634 1.2706 1.1261 1.4151
627.3803 1.2639 1.1194 1.4084
638.1972 1.2585 1.1195 1.3975
649.0141 1.2601 1.1211 1.3991
659.8310 1.2660 1.1270 1.4050
670.6479 1.2725 1.1389 1.4061
681.4648 1.2742 1.1406 1.4077
692.2817 1.2794 1.1509 1.4079
703.0986 1.2839 1.1554 1.4123
713.9155 1.2859 1.1574 1.4144
724.7324 1.2861 1.1625 1.4097
735.5493 1.2921 1.1685 1.4157
746.3662 1.3024 1.1789 1.4260
757.1831 1.3032 1.1832 1.4232
768.0000 1.3068 1.1868 1.4269
778.8169 1.3085 1.1928 1.4243
789.6338 1.3159 1.2001 1.4316
800.4507 1.3287 1.2130 1.4445
811.2676 1.3402 1.2259 1.4545
822.0845 1.3500 1.2357 1.4643
832.9014 1.3643 1.2491 1.4794
843.7183 1.3686 1.2534 1.4837
854.5352 1.3823 1.2671 1.4974
865.3521 1.3950 1.2809 1.5090
876.1690 1.4053 1.2913 1.5193
886.9859 1.4181 1.3040 1.5322
897.8028 1.4238 1.3096 1.5379
908.6197 1.4247 1.3106 1.5388
919.4366 1.4230 1.3122 1.5338
930.2535 1.4301 1.3194 1.5409
941.0704 1.4292 1.3184 1.5400
951.8873 1.4237 1.3161 1.5314
962.7042 1.4191 1.3114 1.5268
973.5211 1.4115 1.3060 1.5170
984.3380 1.4033 1.2978 1.5088
995.1549 1.3980 1.2925 1.5035
1005.9718 1.3919 1.2877 1.4960
1016.7887 1.3891 1.2545 1.5236
1027.6056 1.3915 1.2900 1.4930
1038.4225 1.3942 1.2927 1.4957
1049.2394 1.3980 1.2634 1.5326
1060.0563 1.3983 1.2992 1.4973
1070.8732 1.3960 1.2687 1.5233
1081.6901 1.3938 1.2972 1.4903
1092.5070 1.3886 1.2921 1.4851
1103.3239 1.3857 1.2584 1.5130
1114.1408 1.3798 1.2582 1.5015
1124.9577 1.3720 1.2504 1.4936
1135.7746 1.3666 1.2449 1.4882
1146.5915 1.3629 1.2413 1.4846
1157.4085 1.3589 1.2373 1.4806
1168.2254 1.3522 1.2334 1.4710
1179.0423 1.3458 1.2270 1.4646
1189.8592 1.3416 1.2228 1.4604
1200.6761 1.3381 1.2193 1.4569
1211.4930 1.3346 1.2158 1.4534
1222.3099 1.3317 1.2160 1.4473
1233.1268 1.3316 1.2159 1.4472
1243.9437 1.3326 1.2169 1.4482
1254.7606 1.3329 1.2172 1.4485
1265.5775 1.3386 1.2230 1.4543
1276.3944 1.3393 1.2287 1.4500
1287.2113 1.3445 1.2339 1.4552
1298.0282 1.3446 1.2339 1.4553
1308.8451 1.3435 1.2329 1.4542
1319.6620 1.3447 1.2340 1.4553
1330.4789 1.3474 1.2412 1.4536
1341.2958 1.3472 1.2410 1.4534
1352.1127 1.3539 1.2477 1.4601
1362.9296 1.3517 1.2455 1.4579
1373.7465 1.3521 1.2459 1.4583
1384.5634 1.3469 1.2450 1.4488
1395.3803 1.3409 1.2390 1.4428
1406.1972 1.3364 1.2345 1.4383
1417.0141 1.3321 1.2302 1.4340
1427.8310 1.3269 1.2250 1.4288
1438.6479 1.3249 1.2230 1.4268
1449.4648 1.3190 1.2185 1.4195
1460.2817 1.3189 1.2184 1.4194
1471.0986 1.3234 1.2228 1.4239
1481.9155 1.3299 1.2294 1.4304
1492.7324 1.3257 1.2252 1.4263
1503.5493 1.3231 1.2264 1.4198
1514.3662 1.3184 1.2216 1.4151
1525.1831 1.3149 1.2182 1.4116
1536.0000 1.3101 1.2134 1.4069
1546.8169 1.3108 1.2141 1.4076
1557.6338 1.3160 1.2219 1.4102
1568.4507 1.3208 1.2266 1.4149
1579.2676 1.3230 1.2288 1.4171
1590.0845 1.3255 1.2313 1.4196
1600.9014 1.3277 1.2335 1.4219
1611.7183 1.3309 1.2384 1.4235
1622.5352 1.3375 1.2449 1.4300
1633.3521 1.3386 1.2460 1.4312
1644.1690 1.3388 1.2463 1.4314
1654.9859 1.3407 1.2481 1.4332
1665.8028 1.3424 1.2522 1.4327
1676.6197 1.3432 1.2530 1.4334
1687.4366 1.3386 1.2484 1.4288
1698.2535 1.3333 1.2431 1.4236
1709.0704 1.3289 1.2386 1.4191
1719.8873 1.3275 1.2391 1.4159
1730.7042 1.3222 1.2338 1.4106
1741.5211 1.3184 1.2300 1.4068
1752.3380 1.3130 1.2246 1.4014
1763.1549 1.3078 1.2194 1.3962
1773.9718 1.3026 1.2138 1.3915
1784.7887 1.2975 1.2087 1.3864
1795.6056 1.2918 1.2030 1.3807
1806.4225 1.2887 1.1999 1.3776
1817.2394 1.2834 1.1945 1.3722
1828.0563 1.2792 1.1897 1.3686
1838.8732 1.2742 1.1847 1.3636
1849.6901 1.2689 1.1795 1.3584
1860.5070 1.2642 1.1748 1.3537
1871.3239 1.2618 1.1724 1.3513
1882.1408 1.2577 1.1683 1.3472
1892.9577 1.2532 1.1637 1.3428
1903.7746 1.2503 1.1608 1.3398
1914.5915 1.2499 1.1604 1.3395
1925.4085 1.2505 1.1610 1.3400
1936.2254 1.2533 1.1638 1.3428
1947.0423 1.2584 1.1715 1.3454
1957.8592 1.2664 1.1794 1.3534
1968.6761 1.2665 1.1796 1.3535
1979.4930 1.2740 1.1870 1.3610
1990.3099 1.2757 1.1887 1.3626
2001.1268 1.2829 1.1951 1.3708
2011.9437 1.2817 1.1938 1.3695
2022.7606 1.2771 1.1893 1.3650
2033.5775 1.2728 1.1849 1.3607
2044.3944 1.2688 1.1809 1.3567
2055.2113 1.2644 1.1782 1.3505
2066.0282 1.2599 1.1737 1.3460
2076.8451 1.2561 1.1699 1.3423
2087.6620 1.2512 1.1650 1.3374
2098.4789 1.2469 1.1607 1.3331
2109.2958 1.2437 1.1571 1.3304
2120.1127 1.2412 1.1545 1.3278
2130.9296 1.2379 1.1512 1.3245
2141.7465 1.2355 1.1488 1.3221
2152.5634 1.2355 1.1488 1.3221
2163.3803 1.2336 1.1486 1.3187
2174.1972 1.2327 1.1477 1.3177
2185.0141 1.2317 1.1467 1.3168
2195.8310 1.2317 1.1467 1.3168
2206.6479 1.2298 1.1448 1.3149
2217.4648 1.2277 1.1446 1.3108
2228.2817 1.2249 1.1418 1.3080
2239.0986 1.2219 1.1387 1.3050
2249.9155 1.2208 1.1376 1.3039
2260.7324 1.2201 1.1370 1.3032
2271.5493 1.2203 1.1389 1.3017
2282.3662 1.2220 1.1405 1.3034
2293.1831 1.2213 1.1399 1.3027
2304.0000 1.2203 1.1389 1.3017
2314.8169 1.2204 1.1389 1.3018
2325.6338 1.2192 1.1378 1.3007
2336.4507 1.2185 1.1390 1.2980
2347.2676 1.2177 1.1382 1.2972
2358.0845 1.2172 1.1377 1.2966
2368.9014 1.2170 1.1375 1.2965
2379.7183 1.2166 1.1371 1.2961
2390.5352 1.2160 1.1384 1.2936
2401.3521 1.2215 1.1438 1.2991
2412.1690 1.2244 1.1467 1.3020
2422.9859 1.2262 1.1485 1.3038
2433.8028 1.2297 1.1520 1.3073
2444.6197 1.2330 1.1559 1.3100
2455.4366 1.2358 1.1588 1.3129
2466.2535 1.2374 1.1603 1.3144
2477.0704 1.2386 1.1615 1.3157
2487.8873 1.2404 1.1633 1.3174
2498.7042 1.2412 1.1652 1.3173
2509.5211 1.2433 1.1672 1.3193
2520.3380 1.2456 1.1695 1.3216
2531.1549 1.2487 1.1727 1.3248
2541.9718 1.2491 1.1731 1.3252
2552.7887 1.2504 1.1755 1.3253
2563.6056 1.2507 1.1757 1.3256
2574.4225 1.2506 1.1757 1.3255
2585.2394 1.2514 1.1765 1.3263
2596.0563 1.2532 1.1783 1.3281
2606.8732 1.2562 1.1827 1.3296
2617.6901 1.2573 1.1838 1.3308
2628.5070 1.2589 1.1854 1.3324
2639.3239 1.2578 1.1843 1.3312
2650.1408 1.2664 1.1929 1.3398
2660.9577 1.2751 1.2011 1.3491
2671.7746 1.2865 1.2125 1.3605
2682.5915 1.2941 1.2201 1.3680
2693.4085 1.3005 1.2265 1.3745
2704.2254 1.3080 1.2340 1.3819
2715.0423 1.3084 1.2121 1.4047
2725.8592 1.3097 1.2135 1.4060
2736.6761 1.3097 1.2135 1.4060
2747.4930 1.3107 1.2144 1.4070
2758.3099 1.3110 1.2147 1.4073
2769.1268 1.3114 1.2110 1.4117
2779.9437 1.3138 1.2134 1.4142
2790.7606 1.3147 1.2143 1.4151
2801.5775 1.3186 1.2182 1.4190
2812.3944 1.3214 1.2210 1.4218
2823.2113 1.3262 1.2258 1.4265
2834.0282 1.3323 1.2319 1.4327
2844.8451 1.3358 1.2354 1.4362
2855.6620 1.3382 1.2378 1.4386
2866.4789 1.3412 1.2408 1.4416
2877.2958 1.3426 1.2422 1.4430
2888.1127 1.3435 1.2422 1.4449
2898.9296 1.3472 1.2459 1.4486
2909.7465 1.3479 1.2466 1.4493
2920.5634 1.3490 1.2477 1.4504
2931.3803 1.3501 1.2487 1.4515
2942.1972 1.3518 1.2504 1.4532
2953.0141 1.3516 1.2502 1.4529
2963.8310 1.3527 1.2514 1.4541
2974.6479 1.3541 1.2527 1.4554
2985.4648 1.3561 1.2548 1.4575
2996.2817 1.3567 1.2582 1.4553
3007.0986 1.3586 1.2601 1.4572
3017.9155 1.3580 1.2595 1.4566
3028.7324 1.3574 1.2588 1.4559
3039.5493 1.3575 1.2590 1.4561
3050.3662 1.3586 1.2601 1.4572
3061.1831 1.3590 1.2605 1.4576
3072.0000 1.3625 1.2639 1.4610
3082.8169 1.3657 1.2672 1.4643
3093.6338 1.3674 1.2688 1.4660
3104.4507 1.3691 1.2733 1.4649
3115.2676 1.3717 1.2758 1.4675
3126.0845 1.3808 1.2850 1.4767
3136.9014 1.3947 1.2988 1.4905
3147.7183 1.4010 1.3052 1.4968
3158.5352 1.4034 1.3075 1.4992
3169.3521 1.4029 1.3070 1.4987
3180.1690 1.4018 1.3060 1.4977
3190.9859 1.4014 1.3056 1.4973
3201.8028 1.3999 1.3040 1.4957
3212.6197 1.3994 1.3022 1.4966
3223.4366 1.3993 1.3021 1.4965
3234.2535 1.3993 1.3020 1.4965
3245.0704 1.3987 1.3015 1.4959
3255.8873 1.3998 1.3026 1.4970
3266.7042 1.3983 1.3011 1.4955
3277.5211 1.3988 1.3016 1.4960
3288.3380 1.3975 1.3002 1.4947
3299.1549 1.3965 1.2992 1.4937
3309.9718 1.3970 1.2998 1.4943
3320.7887 1.3964 1.2991 1.4936
3331.6056 1.3959 1.3019 1.4899
3342.4225 1.3952 1.3012 1.4892
3353.2394 1.3963 1.3023 1.4903
3364.0563 1.3955 1.3015 1.4895
3374.8732 1.3955 1.3015 1.4894
3385.6901 1.3944 1.3004 1.4883
3396.5070 1.3936 1.2996 1.4876
3407.3239 1.3933 1.2993 1.4873
3418.1408 1.3946 1.3007 1.4886
3428.9577 1.3960 1.3020 1.4900
3439.7746 1.3974 1.3064 1.4883
3450.5915 1.3975 1.3066 1.4884
3461.4085 1.3975 1.3066 1.4884
3472.2254 1.3991 1.3082 1.4900
3483.0423 1.4001 1.3092 1.4910
3493.8592 1.4006 1.3097 1.4915
3504.6761 1.4023 1.3114 1.4932
3515.4930 1.4051 1.3142 1.4960
3526.3099 1.4085 1.3176 1.4995
3537.1268 1.4137 1.3228 1.5046
3547.9437 1.4169 1.3267 1.5070
3558.7606 1.4182 1.3281 1.5084
3569.5775 1.4197 1.3295 1.5099
3580.3944 1.4228 1.3327 1.5130
3591.2113 1.4263 1.3362 1.5165
3602.0282 1.4316 1.3414 1.5217
3612.8451 1.4340 1.3439 1.5242
3623.6620 1.4364 1.3462 1.5265
3634.4789 1.4375 1.3473 1.5277
3645.2958 1.4390 1.3489 1.5292
3656.1127 1.4387 1.3484 1.5291
3666.9296 1.4373 1.3470 1.5276
3677.7465 1.4354 1.3451 1.5257
3688.5634 1.4332 1.3429 1.5235
3699.3803 1.4312 1.3409 1.5215
3710.1972 1.4308 1.3405 1.5211
3721.0141 1.4312 1.3409 1.5215
3731.8310 1.4315 1.3411 1.5218
3742.6479 1.4330 1.3426 1.5233
3753.4648 1.4375 1.3472 1.5278
3764.2817 1.4369 1.3465 1.5272
3775.0986 1.4355 1.3479 1.5232
3785.9155 1.4325 1.3449 1.5201
3796.7324 1.4299 1.3423 1.5176
3807.5493 1.4289 1.3412 1.5165
3818.3662 1.4280 1.3403 1.5156
3829.1831 1.4264 1.3388 1.5141
3840.0000 1.4249 1.3373 1.5126
