1.000000000000000000e+00 0.000000000000000000e+00 0.000000000000000000e+00
2.000000000000000000e+00 0.000000000000000000e+00 0.000000000000000000e+00
3.000000000000000000e+00 0.000000000000000000e+00 0.000000000000000000e+00
4.000000000000000000e+00 0.000000000000000000e+00 0.000000000000000000e+00
5.000000000000000000e+00 0.000000000000000000e+00 0.000000000000000000e+00
6.000000000000000000e+00 0.000000000000000000e+00 0.000000000000000000e+00
7.000000000000000000e+00 0.000000000000000000e+00 0.000000000000000000e+00
8.000000000000000000e+00 0.000000000000000000e+00 0.000000000000000000e+00
9.000000000000000000e+00 0.000000000000000000e+00 0.000000000000000000e+00
1.000000000000000000e+01 0.000000000000000000e+00 0.000000000000000000e+00
1.100000000000000000e+01 0.000000000000000000e+00 0.000000000000000000e+00
1.200000000000000000e+01 0.000000000000000000e+00 0.000000000000000000e+00
1.300000000000000000e+01 0.000000000000000000e+00 0.000000000000000000e+00
1.400000000000000000e+01 0.000000000000000000e+00 0.000000000000000000e+00
1.500000000000000000e+01 3.279339593203029618e-02 4.880623153494060076e-03
1.600000000000000000e+01 0.000000000000000000e+00 0.000000000000000000e+00
1.700000000000000000e+01 0.000000000000000000e+00 0.000000000000000000e+00
1.800000000000000000e+01 1.633996198689399021e-02 2.103657637092753649e-03
1.900000000000000000e+01 0.000000000000000000e+00 0.000000000000000000e+00
2.000000000000000000e+01 0.000000000000000000e+00 0.000000000000000000e+00
2.100000000000000000e+01 0.000000000000000000e+00 0.000000000000000000e+00
2.200000000000000000e+01 0.000000000000000000e+00 0.000000000000000000e+00
2.300000000000000000e+01 2.377237525176590857e-02 2.413451917903878825e-03
2.400000000000000000e+01 0.000000000000000000e+00 0.000000000000000000e+00
2.500000000000000000e+01 0.000000000000000000e+00 0.000000000000000000e+00
2.600000000000000000e+01 0.000000000000000000e+00 0.000000000000000000e+00
2.700000000000000000e+01 0.000000000000000000e+00 0.000000000000000000e+00
2.800000000000000000e+01 0.000000000000000000e+00 0.000000000000000000e+00
2.900000000000000000e+01 0.000000000000000000e+00 0.000000000000000000e+00
3.000000000000000000e+01 0.000000000000000000e+00 0.000000000000000000e+00
3.100000000000000000e+01 0.000000000000000000e+00 0.000000000000000000e+00
3.200000000000000000e+01 0.000000000000000000e+00 0.000000000000000000e+00
3.300000000000000000e+01 0.000000000000000000e+00 0.000000000000000000e+00
3.400000000000000000e+01 0.000000000000000000e+00 0.000000000000000000e+00
3.500000000000000000e+01 0.000000000000000000e+00 0.000000000000000000e+00
3.600000000000000000e+01 0.000000000000000000e+00 0.000000000000000000e+00
3.700000000000000000e+01 4.473631953703441355e-02 7.265282638191857510e-03
3.800000000000000000e+01 0.000000000000000000e+00 0.000000000000000000e+00
