1.0000 0.0599 0.0090
2.0000 0.0776 0.0176
3.0000 0.0704 0.0072
4.0000 0.1036 0.0116
5.0000 0.1073 0.0122
6.0000 0.1065 0.0134
7.0000 0.1101 0.0201
8.0000 0.1256 0.0155
9.0000 0.1411 0.0161
10.0000 0.1476 0.0155
11.0000 0.1631 0.0160
12.0000 0.1718 0.0159
13.0000 0.1400 0.0244
14.0000 0.1527 0.0242
15.0000 0.1916 0.0188
16.0000 0.1688 0.0152
17.0000 0.1322 0.0114
18.0000 0.1338 0.0096
19.0000 0.1162 0.0129
20.0000 0.1025 0.0132
21.0000 0.1199 0.0126
22.0000 0.1067 0.0074
23.0000 0.1704 0.0138
24.0000 0.1220 0.0126
25.0000 0.1102 0.0079
26.0000 0.1389 0.0151
27.0000 0.1231 0.0154
28.0000 0.0863 0.0099
29.0000 0.0955 0.0085
30.0000 0.1218 0.0128
31.0000 0.1224 0.0127
32.0000 0.1375 0.0140
33.0000 0.1088 0.0131
34.0000 0.1121 0.0128
35.0000 0.1308 0.0148
36.0000 0.1286 0.0120
37.0000 0.1902 0.0175
38.0000 0.0963 0.0099
