0.045 0.034 0.020 0.016 0.009 0.005 0.026 0.022 0.015 0.010 0.014 0.013 0.013 0.014 0.013 0.003 0.003 0.003 0.002 0.003 0.006 0.003 0.005 0.002 0.002 0.005 0.010 0.006 0.007 0.004 0.011 0.009 0.007 0.007 0.007 0.008 0.014 0.003
0.034 0.064 0.026 0.025 0.014 0.019 0.054 0.045 0.035 0.026 0.029 0.024 0.010 0.010 0.014 0.005 0.005 0.005 0.002 0.003 0.007 0.005 0.008 0.003 0.003 0.008 0.011 0.007 0.009 0.004 0.009 0.006 0.003 0.003 0.003 0.011 0.023 0.006
0.020 0.026 0.040 0.024 0.019 0.009 0.019 0.019 0.012 0.005 0.011 0.009 0.006 0.007 0.008 0.004 0.004 0.003 0.002 0.003 0.008 0.005 0.006 0.004 0.004 0.005 0.008 0.004 0.005 0.004 0.005 0.003 0.002 0.002 0.002 0.004 0.007 0.004
0.016 0.025 0.024 0.083 0.060 0.035 0.048 0.052 0.044 0.027 0.018 0.034 0.026 0.023 0.033 0.020 0.009 0.010 0.006 0.006 0.009 0.011 0.016 0.008 0.006 0.011 0.008 0.004 0.005 0.005 0.007 0.008 0.003 0.005 0.008 0.010 0.019 0.011
0.009 0.014 0.019 0.060 0.087 0.046 0.042 0.051 0.044 0.032 0.025 0.038 0.024 0.023 0.035 0.026 0.011 0.009 0.011 0.006 0.009 0.008 0.021 0.009 0.007 0.016 0.016 0.012 0.014 0.006 0.007 0.012 0.004 0.005 0.014 0.018 0.028 0.015
0.005 0.019 0.009 0.035 0.046 0.075 0.057 0.052 0.044 0.035 0.024 0.039 0.022 0.022 0.032 0.017 0.010 0.006 0.003 0.003 0.004 0.005 0.009 0.003 0.004 0.007 0.004 0.002 0.003 0.005 0.006 0.007 0.004 0.004 0.005 0.010 0.025 0.011
0.026 0.054 0.019 0.048 0.042 0.057 0.098 0.084 0.064 0.047 0.036 0.050 0.031 0.029 0.039 0.017 0.010 0.006 0.003 0.002 0.007 0.006 0.011 0.004 0.004 0.010 0.014 0.008 0.009 0.005 0.009 0.009 0.005 0.005 0.004 0.017 0.037 0.014
0.022 0.045 0.019 0.052 0.051 0.052 0.084 0.112 0.079 0.053 0.047 0.060 0.035 0.032 0.044 0.019 0.009 0.006 0.003 0.002 0.008 0.007 0.014 0.006 0.006 0.013 0.016 0.009 0.012 0.008 0.011 0.012 0.009 0.010 0.009 0.020 0.043 0.015
0.015 0.035 0.012 0.044 0.044 0.044 0.064 0.079 0.112 0.067 0.048 0.058 0.035 0.030 0.039 0.023 0.009 0.008 0.003 0.002 0.005 0.009 0.016 0.007 0.008 0.015 0.013 0.009 0.013 0.012 0.013 0.016 0.010 0.011 0.014 0.020 0.039 0.013
0.010 0.026 0.005 0.027 0.032 0.035 0.047 0.053 0.067 0.119 0.074 0.072 0.040 0.038 0.046 0.037 0.021 0.017 0.013 0.005 0.007 0.008 0.025 0.013 0.012 0.022 0.019 0.012 0.015 0.012 0.009 0.020 0.011 0.011 0.017 0.019 0.040 0.015
0.014 0.029 0.011 0.018 0.025 0.024 0.036 0.047 0.048 0.074 0.126 0.075 0.035 0.034 0.043 0.034 0.021 0.019 0.018 0.011 0.019 0.014 0.033 0.018 0.015 0.025 0.022 0.014 0.017 0.016 0.014 0.024 0.012 0.012 0.020 0.020 0.039 0.013
0.013 0.024 0.009 0.034 0.038 0.039 0.050 0.060 0.058 0.072 0.075 0.145 0.071 0.057 0.071 0.051 0.027 0.019 0.019 0.009 0.018 0.018 0.037 0.016 0.017 0.032 0.027 0.016 0.020 0.018 0.017 0.030 0.017 0.016 0.023 0.026 0.053 0.020
0.013 0.010 0.006 0.026 0.024 0.022 0.031 0.035 0.035 0.040 0.035 0.071 0.116 0.090 0.075 0.049 0.030 0.019 0.009 0.007 0.014 0.012 0.021 0.012 0.010 0.017 0.017 0.007 0.009 0.023 0.027 0.031 0.027 0.026 0.029 0.013 0.036 0.008
0.014 0.010 0.007 0.023 0.023 0.022 0.029 0.032 0.030 0.038 0.034 0.057 0.090 0.124 0.085 0.057 0.036 0.027 0.013 0.011 0.015 0.012 0.025 0.015 0.014 0.022 0.020 0.009 0.009 0.025 0.027 0.033 0.030 0.029 0.029 0.012 0.040 0.010
0.013 0.014 0.008 0.033 0.035 0.032 0.039 0.044 0.039 0.046 0.043 0.071 0.075 0.085 0.162 0.080 0.049 0.035 0.029 0.016 0.022 0.021 0.038 0.022 0.026 0.035 0.030 0.021 0.021 0.031 0.034 0.046 0.032 0.032 0.039 0.026 0.060 0.020
0.003 0.005 0.004 0.020 0.026 0.017 0.017 0.019 0.023 0.037 0.034 0.051 0.049 0.057 0.080 0.134 0.061 0.049 0.032 0.016 0.023 0.026 0.049 0.025 0.024 0.040 0.029 0.021 0.020 0.020 0.021 0.037 0.021 0.021 0.029 0.023 0.043 0.019
0.003 0.005 0.004 0.009 0.011 0.010 0.010 0.009 0.009 0.021 0.021 0.027 0.030 0.036 0.049 0.061 0.110 0.059 0.031 0.022 0.030 0.030 0.040 0.023 0.019 0.024 0.023 0.012 0.012 0.015 0.016 0.023 0.015 0.012 0.016 0.017 0.028 0.011
0.003 0.005 0.003 0.010 0.009 0.006 0.006 0.006 0.008 0.017 0.019 0.019 0.019 0.027 0.035 0.049 0.059 0.106 0.047 0.038 0.035 0.022 0.046 0.026 0.017 0.022 0.021 0.010 0.009 0.014 0.014 0.018 0.012 0.008 0.010 0.009 0.020 0.008
0.002 0.002 0.002 0.006 0.011 0.003 0.003 0.003 0.003 0.013 0.018 0.019 0.009 0.013 0.029 0.032 0.031 0.047 0.081 0.045 0.031 0.018 0.037 0.017 0.017 0.025 0.021 0.013 0.012 0.011 0.010 0.017 0.009 0.009 0.017 0.018 0.022 0.012
0.003 0.003 0.003 0.006 0.006 0.003 0.002 0.002 0.002 0.005 0.011 0.009 0.007 0.011 0.016 0.016 0.022 0.038 0.045 0.075 0.045 0.021 0.042 0.025 0.015 0.021 0.020 0.006 0.004 0.014 0.008 0.009 0.006 0.006 0.007 0.006 0.009 0.005
0.006 0.007 0.008 0.009 0.009 0.004 0.007 0.008 0.005 0.007 0.019 0.018 0.014 0.015 0.022 0.023 0.030 0.035 0.031 0.045 0.085 0.039 0.050 0.026 0.019 0.023 0.020 0.008 0.007 0.010 0.008 0.014 0.008 0.005 0.007 0.006 0.014 0.006
0.003 0.005 0.005 0.011 0.008 0.005 0.006 0.007 0.009 0.008 0.014 0.018 0.012 0.012 0.021 0.026 0.030 0.022 0.018 0.021 0.039 0.073 0.049 0.027 0.025 0.027 0.013 0.008 0.010 0.009 0.009 0.018 0.008 0.007 0.007 0.005 0.012 0.005
0.005 0.008 0.006 0.016 0.021 0.009 0.011 0.014 0.016 0.025 0.033 0.037 0.021 0.025 0.038 0.049 0.040 0.046 0.037 0.042 0.050 0.049 0.152 0.075 0.047 0.064 0.048 0.019 0.020 0.026 0.018 0.032 0.015 0.015 0.024 0.021 0.030 0.014
0.002 0.003 0.004 0.008 0.009 0.003 0.004 0.006 0.007 0.013 0.018 0.016 0.012 0.015 0.022 0.025 0.023 0.026 0.017 0.025 0.026 0.027 0.075 0.089 0.052 0.044 0.033 0.012 0.012 0.018 0.009 0.012 0.007 0.007 0.010 0.008 0.013 0.005
0.002 0.003 0.004 0.006 0.007 0.004 0.004 0.006 0.008 0.012 0.015 0.017 0.010 0.014 0.026 0.024 0.019 0.017 0.017 0.015 0.019 0.025 0.047 0.052 0.078 0.053 0.033 0.021 0.020 0.015 0.012 0.017 0.011 0.010 0.016 0.013 0.017 0.007
0.005 0.008 0.005 0.011 0.016 0.007 0.010 0.013 0.015 0.022 0.025 0.032 0.017 0.022 0.035 0.040 0.024 0.022 0.025 0.021 0.023 0.027 0.064 0.044 0.053 0.117 0.058 0.038 0.034 0.033 0.025 0.033 0.017 0.019 0.025 0.026 0.037 0.016
0.010 0.011 0.008 0.008 0.016 0.004 0.014 0.016 0.013 0.019 0.022 0.027 0.017 0.020 0.030 0.029 0.023 0.021 0.021 0.020 0.020 0.013 0.048 0.033 0.033 0.058 0.102 0.043 0.033 0.030 0.027 0.027 0.014 0.013 0.021 0.026 0.032 0.014
0.006 0.007 0.004 0.004 0.012 0.002 0.008 0.009 0.009 0.012 0.014 0.016 0.007 0.009 0.021 0.021 0.012 0.010 0.013 0.006 0.008 0.008 0.019 0.012 0.021 0.038 0.043 0.066 0.043 0.022 0.028 0.027 0.012 0.014 0.015 0.020 0.029 0.011
0.007 0.009 0.005 0.005 0.014 0.003 0.009 0.012 0.013 0.015 0.017 0.020 0.009 0.009 0.021 0.020 0.012 0.009 0.012 0.004 0.007 0.010 0.020 0.012 0.020 0.034 0.033 0.043 0.073 0.033 0.032 0.033 0.017 0.019 0.020 0.022 0.034 0.012
0.004 0.004 0.004 0.005 0.006 0.005 0.005 0.008 0.012 0.012 0.016 0.018 0.023 0.025 0.031 0.020 0.015 0.014 0.011 0.014 0.010 0.009 0.026 0.018 0.015 0.033 0.030 0.022 0.033 0.090 0.052 0.048 0.032 0.031 0.027 0.019 0.034 0.008
0.011 0.009 0.005 0.007 0.007 0.006 0.009 0.011 0.013 0.009 0.014 0.017 0.027 0.027 0.034 0.021 0.016 0.014 0.010 0.008 0.008 0.009 0.018 0.009 0.012 0.025 0.027 0.028 0.032 0.052 0.095 0.066 0.048 0.043 0.037 0.025 0.043 0.010
0.009 0.006 0.003 0.008 0.012 0.007 0.009 0.012 0.016 0.020 0.024 0.030 0.031 0.033 0.046 0.037 0.023 0.018 0.017 0.009 0.014 0.018 0.032 0.012 0.017 0.033 0.027 0.027 0.033 0.048 0.066 0.118 0.065 0.054 0.050 0.034 0.054 0.014
0.007 0.003 0.002 0.003 0.004 0.004 0.005 0.009 0.010 0.011 0.012 0.017 0.027 0.030 0.032 0.021 0.015 0.012 0.009 0.006 0.008 0.008 0.015 0.007 0.011 0.017 0.014 0.012 0.017 0.032 0.048 0.065 0.081 0.061 0.049 0.026 0.043 0.011
0.007 0.003 0.002 0.005 0.005 0.004 0.005 0.010 0.011 0.011 0.012 0.016 0.026 0.029 0.032 0.021 0.012 0.008 0.009 0.006 0.005 0.007 0.015 0.007 0.010 0.019 0.013 0.014 0.019 0.031 0.043 0.054 0.061 0.087 0.061 0.034 0.051 0.015
0.007 0.003 0.002 0.008 0.014 0.005 0.004 0.009 0.014 0.017 0.020 0.023 0.029 0.029 0.039 0.029 0.016 0.010 0.017 0.007 0.007 0.007 0.024 0.010 0.016 0.025 0.021 0.015 0.020 0.027 0.037 0.050 0.049 0.061 0.104 0.055 0.069 0.027
0.008 0.011 0.004 0.010 0.018 0.010 0.017 0.020 0.020 0.019 0.020 0.026 0.013 0.012 0.026 0.023 0.017 0.009 0.018 0.006 0.006 0.005 0.021 0.008 0.013 0.026 0.026 0.020 0.022 0.019 0.025 0.034 0.026 0.034 0.055 0.096 0.078 0.033
0.014 0.023 0.007 0.019 0.028 0.025 0.037 0.043 0.039 0.040 0.039 0.053 0.036 0.040 0.060 0.043 0.028 0.020 0.022 0.009 0.014 0.012 0.030 0.013 0.017 0.037 0.032 0.029 0.034 0.034 0.043 0.054 0.043 0.051 0.069 0.078 0.175 0.064
0.003 0.006 0.004 0.011 0.015 0.011 0.014 0.015 0.013 0.015 0.013 0.020 0.008 0.010 0.020 0.019 0.011 0.008 0.012 0.005 0.006 0.005 0.014 0.005 0.007 0.016 0.014 0.011 0.012 0.008 0.010 0.014 0.011 0.015 0.027 0.033 0.064 0.066
