1.000000000000000000e+00 0.000000000000000000e+00 0.000000000000000000e+00
2.000000000000000000e+00 3.758758616776829153e-02 1.156361408399930388e-02
3.000000000000000000e+00 9.758588408839465045e-02 3.268501003201765287e-02
4.000000000000000000e+00 1.824061728745283995e-02 1.096489059842874550e-02
5.000000000000000000e+00 3.971518538481177995e-04 3.100717721976958482e-04
6.000000000000000000e+00 6.524637598933363423e-04 1.980338646303926120e-04
7.000000000000000000e+00 1.330458710391194642e-02 2.912150985860545611e-03
8.000000000000000000e+00 1.097841195994439870e-02 2.287788159266079292e-03
9.000000000000000000e+00 1.886471305778559399e-02 3.396340468584335259e-03
1.000000000000000000e+01 7.962894669654761726e-02 1.110369194850306836e-02
1.100000000000000000e+01 7.421066069047686786e-02 1.268215483369550083e-02
1.200000000000000000e+01 4.848089415903095167e-02 6.654931533326580162e-03
1.300000000000000000e+01 1.894981702646733254e-02 4.857389007349023451e-03
1.400000000000000000e+01 2.309154350231198971e-02 2.781769734747681008e-03
1.500000000000000000e+01 1.018127145329210531e-01 3.039340889053128436e-02
1.600000000000000000e+01 8.657910413888968149e-02 1.166673880225541776e-02
1.700000000000000000e+01 1.238262744319310049e-01 2.856076860710263232e-02
1.800000000000000000e+01 4.606961504638166366e-02 8.438053441330004706e-03
1.900000000000000000e+01 1.721936966327196339e-02 3.323332643665050101e-03
2.000000000000000000e+01 1.378684292644180229e-02 3.475495920559021693e-03
2.100000000000000000e+01 5.168647697937647084e-02 8.631266583895305655e-03
2.200000000000000000e+01 4.014070522822047599e-02 5.814134267726977189e-03
2.300000000000000000e+01 3.509120308643726149e-02 7.311109891629367225e-03
2.400000000000000000e+01 2.652407023914215081e-02 5.810213480128063879e-03
2.500000000000000000e+01 3.778616209469234932e-02 6.814616878397413736e-03
2.600000000000000000e+01 9.157187030155172769e-02 9.634876420661693530e-03
2.700000000000000000e+01 5.514737170576720915e-02 1.419589756628332824e-02
2.800000000000000000e+01 2.419789509517460482e-02 4.303952370682309278e-03
2.900000000000000000e+01 1.327621911435136574e-02 2.268997838798963041e-03
3.000000000000000000e+01 4.090664094635613340e-02 7.879232038588408413e-03
3.100000000000000000e+01 5.455164392499503578e-02 9.845874050813777784e-03
3.200000000000000000e+01 1.173016368329976439e-01 2.295920923070999750e-02
3.300000000000000000e+01 4.689228674363847549e-02 7.217189471002356631e-03
3.400000000000000000e+01 3.148846841224362675e-02 4.893254499357584456e-03
3.500000000000000000e+01 6.907605458001191134e-02 1.413935333535219600e-02
3.600000000000000000e+01 4.774332643045587493e-02 8.161732679728816303e-03
3.700000000000000000e+01 9.872060367081785318e-03 2.519820505364265498e-03
3.800000000000000000e+01 0.000000000000000000e+00 0.000000000000000000e+00
