1.000000000000000000e+00 0.000000000000000000e+00 0.000000000000000000e+00
2.000000000000000000e+00 1.433363830436108592e-02 3.690979329908839444e-03
3.000000000000000000e+00 9.576090271424214651e-02 4.648295007653464178e-02
4.000000000000000000e+00 2.439768222018908177e-03 2.100565049667465871e-03
5.000000000000000000e+00 6.861848124428179384e-04 9.817640536636624768e-04
6.000000000000000000e+00 7.624275693809088325e-04 4.863701614535286813e-04
7.000000000000000000e+00 1.562976517230862950e-02 9.452853691526864194e-03
8.000000000000000000e+00 7.776761207685270114e-03 3.462232351803648696e-03
9.000000000000000000e+00 1.578225068618481150e-02 5.658830495335141070e-03
1.000000000000000000e+01 8.920402561756633764e-02 1.905889334328828705e-02
1.100000000000000000e+01 7.700518450747179111e-02 9.535510174200633599e-03
1.200000000000000000e+01 6.007929246721561284e-02 5.698192468735185576e-03
1.300000000000000000e+01 2.272034156755108406e-02 2.420286380511138015e-03
1.400000000000000000e+01 2.523635254650808193e-02 3.646930390446439987e-03
1.500000000000000000e+01 1.331960963708447576e-01 4.191653511881172911e-02
1.600000000000000000e+01 1.062061604147605948e-01 2.194941669245188687e-02
1.700000000000000000e+01 1.447849954254345761e-01 3.262024339762777808e-02
1.800000000000000000e+01 6.168039036291552563e-02 1.434597233259354843e-02
1.900000000000000000e+01 2.927721866422689986e-02 8.043089944001416761e-03
2.000000000000000000e+01 1.509606587374199421e-02 4.020785017559166605e-03
2.100000000000000000e+01 5.649588289112534439e-02 1.799583829264150489e-02
2.200000000000000000e+01 5.756328148825861496e-02 1.876033210196985032e-02
2.300000000000000000e+01 4.132357426044525744e-02 1.414855942549848866e-02
2.400000000000000000e+01 3.735895089966453225e-02 1.292676123267233121e-02
2.500000000000000000e+01 5.039646233607807113e-02 1.299502477328495602e-02
2.600000000000000000e+01 6.236657517535833944e-02 1.335190254501610746e-02
2.700000000000000000e+01 4.803293687099725873e-02 1.254001411796152286e-02
2.800000000000000000e+01 2.805733455321744382e-02 7.844828237081007474e-03
2.900000000000000000e+01 1.235132662397072333e-02 4.420626831474987369e-03
3.000000000000000000e+01 3.202195791399817248e-02 6.219430760402083064e-03
3.100000000000000000e+01 5.870692284232997826e-02 1.281860890654924756e-02
3.200000000000000000e+01 1.542390972857578535e-01 4.859379808233402903e-02
3.300000000000000000e+01 5.985056419640134157e-02 1.109058922750852556e-02
3.400000000000000000e+01 3.613906678865507621e-02 4.128736216383217805e-03
3.500000000000000000e+01 5.253125953034461920e-02 1.023552018230422349e-02
3.600000000000000000e+01 5.054894784995425661e-02 1.152796211962623697e-02
3.700000000000000000e+01 9.072888075632815422e-03 2.678558620637971725e-03
3.800000000000000000e+01 0.000000000000000000e+00 0.000000000000000000e+00
