1.000000000000000000e+00 4.486069573429876146e-03 1.155703022373688518e-03
2.000000000000000000e+00 1.267117897056508832e-02 6.433744816898251222e-03
3.000000000000000000e+00 2.990713048953250620e-03 8.456107693221723764e-04
4.000000000000000000e+00 2.754604124035888672e-03 8.390385652613350934e-04
5.000000000000000000e+00 3.935148748622698412e-04 1.752191689922932534e-04
6.000000000000000000e+00 1.967574374311348989e-03 5.970688909499466011e-04
7.000000000000000000e+00 7.870297497245396011e-05 7.880689615419573613e-05
8.000000000000000000e+00 2.203683299228710937e-03 6.401206318236152271e-04
9.000000000000000000e+00 2.912010073980796782e-03 8.508820298370286432e-04
1.000000000000000000e+01 5.115693373209507719e-03 8.826793743946911765e-04
1.100000000000000000e+01 1.731465449393987041e-02 2.725398696084789605e-03
1.200000000000000000e+01 6.847158822603494760e-03 1.600858814454681140e-03
1.300000000000000000e+01 2.754604124035888672e-03 1.057611305162307501e-03
1.400000000000000000e+01 1.054619864630883252e-02 1.818615701040713750e-03
1.500000000000000000e+01 1.731465449393987041e-02 6.990414379694636325e-03
1.600000000000000000e+01 1.881001101841649897e-02 6.676758929449248120e-03
1.700000000000000000e+01 3.226821973870612568e-03 1.013403135013788087e-03
1.800000000000000000e+01 6.689752872658587084e-03 1.060701570553079006e-03
1.900000000000000000e+01 4.958287423264599175e-03 1.053139213545102853e-03
2.000000000000000000e+01 1.888871399338894934e-03 3.896308807472527664e-04
2.100000000000000000e+01 8.972139146859752293e-03 1.977497282053338086e-03
2.200000000000000000e+01 7.712891547300488281e-03 1.536255299600031675e-03
2.300000000000000000e+01 2.046277349283803261e-03 5.473060267640510526e-04
2.400000000000000000e+01 3.935148748622697978e-03 1.201617242273168200e-03
2.500000000000000000e+01 2.990713048953250620e-03 9.372126206799239996e-04
2.600000000000000000e+01 4.013851723595152250e-03 1.761168159395277381e-03
2.700000000000000000e+01 7.083267747520856708e-03 2.384599975077071436e-03
2.800000000000000000e+01 5.194396348181961991e-03 1.905885723196016051e-03
2.900000000000000000e+01 5.115693373209507719e-03 1.551288814512765237e-03
3.000000000000000000e+01 2.518495199118526724e-03 8.543781358607432670e-04
3.100000000000000000e+01 7.791594522272942552e-03 1.286810674180235503e-03
3.200000000000000000e+01 1.731465449393987041e-03 8.870240907722781861e-04
3.300000000000000000e+01 1.188414922084054907e-02 3.919129514432174305e-03
3.400000000000000000e+01 5.666614198016685887e-03 1.873068882887101837e-03
3.500000000000000000e+01 1.566189201951833851e-02 4.143473228629685444e-03
3.600000000000000000e+01 1.007398079647410689e-02 2.238702888601150093e-03
3.700000000000000000e+01 1.463875334487643731e-02 7.269511381985755728e-03
3.800000000000000000e+01 8.421218322052573257e-03 1.496020378873157272e-03
