1.000000000000000000e+00 2.505494505494505666e-03 6.454664880123114727e-04
2.000000000000000000e+00 7.076923076923077004e-03 3.593281830483919734e-03
3.000000000000000000e+00 1.670329670329670372e-03 4.722782608794514714e-04
4.000000000000000000e+00 1.538461538461538460e-03 4.686076488004625273e-04
5.000000000000000000e+00 2.197802197802197800e-04 9.786086862488255396e-05
6.000000000000000000e+00 1.098901098901098900e-03 3.334662561938470972e-04
7.000000000000000000e+00 4.395604395604395465e-05 4.401408450704224232e-05
8.000000000000000000e+00 1.230769230769230812e-03 3.575108900198177846e-04
9.000000000000000000e+00 1.626373626373626329e-03 4.752222888399685696e-04
1.000000000000000000e+01 2.857142857142857140e-03 4.929812804861075136e-04
1.100000000000000000e+01 9.670329670329670321e-03 1.522150146481465304e-03
1.200000000000000000e+01 3.824175824175824346e-03 8.940884438004912792e-04
1.300000000000000000e+01 1.538461538461538460e-03 5.906817249842759732e-04
1.400000000000000000e+01 5.890109890109890452e-03 1.015706861425200386e-03
1.500000000000000000e+01 9.670329670329670321e-03 3.904184839929672034e-03
1.600000000000000000e+01 1.050549450549450627e-02 3.729006547586028158e-03
1.700000000000000000e+01 1.802197802197802283e-03 5.659912190542940817e-04
1.800000000000000000e+01 3.736263736263736260e-03 5.924076551845020109e-04
1.900000000000000000e+01 2.769230769230769055e-03 5.881840372441352440e-04
2.000000000000000000e+01 1.054945054945054857e-03 2.176109877263557551e-04
2.100000000000000000e+01 5.010989010989011332e-03 1.104443097396470971e-03
2.200000000000000000e+01 4.307692307692307515e-03 8.580070257898023004e-04
2.300000000000000000e+01 1.142857142857142943e-03 3.056734231236937012e-04
2.400000000000000000e+01 2.197802197802197800e-03 6.711098321021043709e-04
2.500000000000000000e+01 1.670329670329670372e-03 5.234383981696313654e-04
2.600000000000000000e+01 2.241758241758241843e-03 9.836220937703909432e-04
2.700000000000000000e+01 3.956043956043956041e-03 1.331812188278209573e-03
2.800000000000000000e+01 2.901098901098901183e-03 1.064447648304552886e-03
2.900000000000000000e+01 2.857142857142857140e-03 8.664033264702942312e-04
3.000000000000000000e+01 1.406593406593406549e-03 4.771748832635869676e-04
3.100000000000000000e+01 4.351648351648351558e-03 7.186908319179811369e-04
3.200000000000000000e+01 9.670329670329669888e-04 4.954078284550578193e-04
3.300000000000000000e+01 6.637362637362637444e-03 2.188855367489020085e-03
3.400000000000000000e+01 3.164835164835165006e-03 1.046119262679714871e-03
3.500000000000000000e+01 8.747252747252748026e-03 2.314152564526100221e-03
3.600000000000000000e+01 5.626373626373626195e-03 1.250327863849064192e-03
3.700000000000000000e+01 8.175824175824176338e-03 4.060062049209275242e-03
3.800000000000000000e+01 4.703296703296703032e-03 8.355356014928498739e-04
