1.000000000000000000e+00 4.395604395604395465e-05 4.401408450704224232e-05
2.000000000000000000e+00 4.263736263736263472e-03 1.800238170086289682e-03
3.000000000000000000e+00 1.802197802197802283e-03 5.996094107125751402e-04
4.000000000000000000e+00 2.021978021978022063e-03 5.493778498272171512e-04
5.000000000000000000e+00 3.956043956043956041e-03 1.484662404665118562e-03
6.000000000000000000e+00 2.065934065934066106e-03 6.720493352312727296e-04
7.000000000000000000e+00 1.002197802197802266e-02 8.190403681929416327e-03
8.000000000000000000e+00 1.538461538461538460e-03 3.881442417516567140e-04
9.000000000000000000e+00 3.340659340659340743e-03 9.278139439038759475e-04
1.000000000000000000e+01 6.241758241758241926e-03 3.276867902089881674e-03
1.100000000000000000e+01 1.186813186813186769e-03 3.326118029652688920e-04
1.200000000000000000e+01 5.978021978021977670e-03 4.624275381786514469e-03
1.300000000000000000e+01 1.054945054945054857e-03 3.065672592415903197e-04
1.400000000000000000e+01 2.021978021978022063e-03 4.274243183896660647e-04
1.500000000000000000e+01 1.714285714285714197e-03 5.054720524264449955e-04
1.600000000000000000e+01 2.197802197802197800e-03 6.337325871955643312e-04
1.700000000000000000e+01 1.054945054945054857e-03 2.800746113666436731e-04
1.800000000000000000e+01 3.604395604395604566e-03 8.157333977981524008e-04
1.900000000000000000e+01 2.857142857142857140e-03 1.066774939769796204e-03
2.000000000000000000e+01 2.593406593406593318e-03 9.819282684089168049e-04
2.100000000000000000e+01 3.956043956043956041e-03 1.025004019127753784e-03
2.200000000000000000e+01 2.549450549450549275e-03 6.668905866892648306e-04
2.300000000000000000e+01 2.461538461538461623e-03 6.357381026733781044e-04
2.400000000000000000e+01 2.461538461538461623e-03 6.658440662491948948e-04
2.500000000000000000e+01 2.329670329670329495e-03 6.670897377747381620e-04
2.600000000000000000e+01 1.494505494505494417e-03 5.896689019247345568e-04
2.700000000000000000e+01 2.593406593406593318e-03 1.096673286158461125e-03
2.800000000000000000e+01 1.626373626373626329e-03 3.769576560697175715e-04
2.900000000000000000e+01 1.626373626373626329e-03 5.859969111828535393e-04
3.000000000000000000e+01 1.846153846153846109e-03 5.939148796115867671e-04
3.100000000000000000e+01 5.670329670329670238e-03 1.569265490906810020e-03
3.200000000000000000e+01 1.098901098901098900e-03 5.189784611716473286e-04
3.300000000000000000e+01 6.065934065934065755e-03 3.699799528713506279e-03
3.400000000000000000e+01 2.989010989010988835e-03 7.665097882831762178e-04
3.500000000000000000e+01 4.351648351648351558e-03 9.280883056724173723e-04
3.600000000000000000e+01 3.736263736263736260e-03 8.653294625236518335e-04
3.700000000000000000e+01 4.263736263736263472e-03 8.231629401121636847e-04
3.800000000000000000e+01 2.637362637362637144e-04 1.386726837300597960e-04
