1.000000000000000000e+00 2.468015091770446329e-03 5.102968947966611719e-04
2.000000000000000000e+00 9.191228617627868192e-03 3.214920788545919117e-03
3.000000000000000000e+00 4.397038381889875440e-03 9.694651373655535859e-04
4.000000000000000000e+00 4.595614308813934096e-03 8.358818402084424413e-04
5.000000000000000000e+00 3.035374882982042923e-03 9.497490703022031357e-04
6.000000000000000000e+00 2.978638903860883307e-03 6.382534120226992461e-04
7.000000000000000000e+00 7.602621202235397210e-03 4.149715199994677937e-03
8.000000000000000000e+00 2.212703185725227624e-03 4.516916990364823947e-04
9.000000000000000000e+00 5.106238120904371507e-03 8.928655586302677600e-04
1.000000000000000000e+01 9.304700575870187423e-03 1.853452854140122136e-03
1.100000000000000000e+01 1.080820402258091985e-02 1.530445071171158663e-03
1.200000000000000000e+01 1.248191540665513112e-02 3.040981746359891751e-03
1.300000000000000000e+01 1.095004397038381976e-02 4.816012391845646799e-03
1.400000000000000000e+01 1.792856940228645946e-02 3.596246932221614998e-03
1.500000000000000000e+01 1.188618762588295429e-02 3.536968728756366160e-03
1.600000000000000000e+01 8.794076763779750880e-03 2.788533743005062581e-03
1.700000000000000000e+01 2.780062976936824651e-03 5.867888871182586064e-04
1.800000000000000000e+01 6.099117755524665653e-03 7.831168877839606458e-04
1.900000000000000000e+01 5.389918016510169586e-03 9.596421654172663900e-04
2.000000000000000000e+01 2.638223029133925177e-03 6.167212374165344365e-04
2.100000000000000000e+01 8.028141045644095197e-03 1.033160421440250300e-03
2.200000000000000000e+01 6.694845536296842488e-03 1.060132284791176840e-03
2.300000000000000000e+01 4.198462454965816784e-03 7.940276269363550363e-04
2.400000000000000000e+01 4.084990496723497552e-03 7.713878411857597256e-04
2.500000000000000000e+01 3.858046580238858655e-03 6.882250546113354104e-04
2.600000000000000000e+01 1.185781963632237361e-02 7.417197475119772024e-03
2.700000000000000000e+01 1.055289211653570071e-02 2.328039395770286832e-03
2.800000000000000000e+01 1.418399478028992133e-02 3.361749295742586484e-03
2.900000000000000000e+01 6.496269609372783832e-03 9.686345433711993904e-04
3.000000000000000000e+01 5.333182037389009970e-03 1.169381611561094237e-03
3.100000000000000000e+01 2.408442313693228559e-02 7.286391094521687921e-03
3.200000000000000000e+01 4.056622507162917744e-03 1.106031253478695657e-03
3.300000000000000000e+01 1.154577175115599486e-02 3.801149283861963209e-03
3.400000000000000000e+01 6.496269609372783832e-03 1.014384217373602961e-03
3.500000000000000000e+01 1.225497149017049092e-02 1.909401211521468116e-03
3.600000000000000000e+01 1.645343394513630944e-02 4.184103019204113774e-03
3.700000000000000000e+01 1.869450512042211687e-02 7.438422876730737578e-03
3.800000000000000000e+01 7.517517233553657786e-03 1.328294425341272665e-03
