1.000000000000000000e+00 4.564772548402329551e-03 1.178176073513890901e-03
2.000000000000000000e+00 2.030536754289312060e-02 9.848987700499320028e-03
3.000000000000000000e+00 6.217535022823863188e-03 1.425994564931083557e-03
4.000000000000000000e+00 6.374940972768770864e-03 1.272835845331365826e-03
5.000000000000000000e+00 7.476782622383127200e-03 1.963847657171980798e-03
6.000000000000000000e+00 5.666614198016685887e-03 1.436902508880614614e-03
7.000000000000000000e+00 1.802298126869195799e-02 1.466748106180009760e-02
8.000000000000000000e+00 4.958287423264599175e-03 9.529824349457626789e-04
9.000000000000000000e+00 8.893436171887298888e-03 2.136705297791585256e-03
1.000000000000000000e+01 1.629151581929796921e-02 4.474933952988436811e-03
1.100000000000000000e+01 1.943963481819612968e-02 2.822496516679741819e-03
1.200000000000000000e+01 1.755076341885723409e-02 7.879243856258568574e-03
1.300000000000000000e+01 4.643475523374783823e-03 1.205420911052777289e-03
1.400000000000000000e+01 1.416653549504171342e-02 1.984429950427512527e-03
1.500000000000000000e+01 2.038407051786557747e-02 6.919051092339915943e-03
1.600000000000000000e+01 2.274515976703919695e-02 7.919441043767655453e-03
1.700000000000000000e+01 5.115693373209507719e-03 1.313936576415393421e-03
1.800000000000000000e+01 1.314339682039981222e-02 2.010810237417340589e-03
1.900000000000000000e+01 1.007398079647410689e-02 2.169634645623685736e-03
2.000000000000000000e+01 6.532346922713678540e-03 1.844250783078113607e-03
2.100000000000000000e+01 1.605540689438060900e-02 2.751007379572062341e-03
2.200000000000000000e+01 1.227766409570281783e-02 2.386192890957653662e-03
2.300000000000000000e+01 6.453643947741225136e-03 1.326195016940932229e-03
2.400000000000000000e+01 8.342515347080119853e-03 2.067473672124756686e-03
2.500000000000000000e+01 7.161970722493310980e-03 1.581532974781621383e-03
2.600000000000000000e+01 6.689752872658587084e-03 2.216490687160933837e-03
2.700000000000000000e+01 1.172674327089564053e-02 3.934439466894401258e-03
2.800000000000000000e+01 8.106406422162757905e-03 2.012891621214900860e-03
2.900000000000000000e+01 8.027703447190304500e-03 1.930312529309830775e-03
3.000000000000000000e+01 5.824020147961593563e-03 1.530770928775183155e-03
3.100000000000000000e+01 1.794427829371950459e-02 3.200695337449011371e-03
3.200000000000000000e+01 3.699039823705336464e-03 1.308333986934586855e-03
3.300000000000000000e+01 2.274515976703919695e-02 9.349908823307818279e-03
3.400000000000000000e+01 1.101841649614355469e-02 2.454646936072801301e-03
3.500000000000000000e+01 2.345348654179128106e-02 4.825832731727180969e-03
3.600000000000000000e+01 1.676373366913269311e-02 2.836480564106028980e-03
3.700000000000000000e+01 2.227294191720446959e-02 5.537355031831621421e-03
3.800000000000000000e+01 8.893436171887298888e-03 1.574854734180862687e-03
