1.000000000000000000e+00 1.900655300558849389e-02 3.631653548104730317e-03
2.000000000000000000e+00 1.364500297863890411e-02 2.263532707359954422e-03
3.000000000000000000e+00 1.364500297863890411e-02 2.364399556741432137e-03
4.000000000000000000e+00 8.240900967348444017e-02 1.555506697908819701e-02
5.000000000000000000e+00 5.438143598763155867e-02 6.978589858727957118e-03
6.000000000000000000e+00 2.643896627046041226e-02 2.958468516040771434e-03
7.000000000000000000e+00 3.046722078806275019e-02 8.256421085481606068e-03
8.000000000000000000e+00 5.463674789367677781e-02 6.889425631973726191e-03
9.000000000000000000e+00 6.629599160307508843e-02 7.495212907638241703e-03
1.000000000000000000e+01 6.062239369095911989e-02 7.428925408540976508e-03
1.100000000000000000e+01 8.955774304275056219e-02 1.416020833126022983e-02
1.200000000000000000e+01 1.614138605996993103e-01 2.175170011441463977e-02
1.300000000000000000e+01 7.472128450256730614e-02 1.290856353072944093e-02
1.400000000000000000e+01 5.730333891237127802e-02 6.648033546678696476e-03
1.500000000000000000e+01 1.443363308842302295e-01 1.597097854236750186e-02
1.600000000000000000e+01 1.349748943292388981e-01 1.199112286830558358e-02
1.700000000000000000e+01 6.632435959263567604e-02 6.025000866392329381e-03
1.800000000000000000e+01 6.955831040254177589e-02 4.949180693290804178e-03
1.900000000000000000e+01 4.822558225298573253e-02 9.282256169718545655e-03
2.000000000000000000e+01 4.099174491503786849e-02 8.387395628740997380e-03
2.100000000000000000e+01 6.232447306459391184e-02 8.420503702903084017e-03
2.200000000000000000e+01 2.953107713256361566e-02 2.766571052837920024e-03
2.300000000000000000e+01 1.287906726050324913e-01 1.454325028616855475e-02
2.400000000000000000e+01 7.123202178661598716e-02 8.935070718268310966e-03
2.500000000000000000e+01 9.029531077132563199e-02 2.423255263951988592e-02
2.600000000000000000e+01 1.142946299395761756e-01 1.461648201096235784e-02
2.700000000000000000e+01 8.845139144988795055e-02 1.260407658797731319e-02
2.800000000000000000e+01 7.667867578224731029e-02 1.888816225054982742e-02
2.900000000000000000e+01 7.823891520807919886e-02 1.307926672082727372e-02
3.000000000000000000e+01 5.361550026949590125e-02 6.257215331435950732e-03
3.100000000000000000e+01 5.503389974752489339e-02 1.119822855717930374e-02
3.200000000000000000e+01 1.022949703554509038e-01 1.046098910980859491e-02
3.300000000000000000e+01 6.884911066352727982e-02 1.275469496977315112e-02
3.400000000000000000e+01 5.911889024424839267e-02 1.093195346297940254e-02
3.500000000000000000e+01 6.360103259482000060e-02 1.135669963319173303e-02
3.600000000000000000e+01 6.411165640691043888e-02 1.216965638277564890e-02
3.700000000000000000e+01 1.435420271765339983e-01 1.435086682364371084e-02
3.800000000000000000e+01 0.000000000000000000e+00 0.000000000000000000e+00
