1.0000 0.0241 0.0043
2.0000 0.0163 0.0031
3.0000 0.0163 0.0035
4.0000 0.0490 0.0086
5.0000 0.0487 0.0082
6.0000 0.0310 0.0041
7.0000 0.0384 0.0131
8.0000 0.0652 0.0096
9.0000 0.0534 0.0096
10.0000 0.0615 0.0101
11.0000 0.0803 0.0132
12.0000 0.0902 0.0107
13.0000 0.0644 0.0180
14.0000 0.0553 0.0095
15.0000 0.1087 0.0123
16.0000 0.0828 0.0068
17.0000 0.0653 0.0070
18.0000 0.0683 0.0063
19.0000 0.0414 0.0054
20.0000 0.0452 0.0089
21.0000 0.0387 0.0046
22.0000 0.0286 0.0029
23.0000 0.1179 0.0128
24.0000 0.0461 0.0045
25.0000 0.0319 0.0029
26.0000 0.0714 0.0072
27.0000 0.0553 0.0082
28.0000 0.0293 0.0042
29.0000 0.0325 0.0045
30.0000 0.0393 0.0043
31.0000 0.0332 0.0037
32.0000 0.0704 0.0094
33.0000 0.0508 0.0129
34.0000 0.0438 0.0090
35.0000 0.0484 0.0075
36.0000 0.0464 0.0060
37.0000 0.1251 0.0135
38.0000 0.0000 0.0000
