1.000000000000000000e+00 0.000000000000000000e+00 0.000000000000000000e+00
2.000000000000000000e+00 0.000000000000000000e+00 0.000000000000000000e+00
3.000000000000000000e+00 0.000000000000000000e+00 0.000000000000000000e+00
4.000000000000000000e+00 1.365507776761207548e-01 2.140302863559536903e-02
5.000000000000000000e+00 2.119548642878926470e-01 2.255676394220866923e-02
6.000000000000000000e+00 2.445867642573955336e-01 2.407726676941237057e-02
7.000000000000000000e+00 2.511436413540713564e-01 2.443903599421737641e-02
8.000000000000000000e+00 1.984598963098505586e-01 1.712114328920759376e-02
9.000000000000000000e+00 1.746721561451662075e-01 2.017652777945999967e-02
1.000000000000000000e+01 1.348734370234827562e-01 2.069078293477783978e-02
1.100000000000000000e+01 1.024702653247941408e-01 1.503186673011439739e-02
1.200000000000000000e+01 1.566788655077767656e-01 2.703140025841289582e-02
1.300000000000000000e+01 1.840500152485513852e-01 2.832702031114637739e-02
1.400000000000000000e+01 1.960963708447697462e-01 2.660950820719270790e-02
1.500000000000000000e+01 1.826014028667276579e-01 3.180036341724549326e-02
1.600000000000000000e+01 1.370082342177493251e-01 2.948822474856414161e-02
1.700000000000000000e+01 1.147453491918267732e-01 2.971976559665588311e-02
1.800000000000000000e+01 1.122293382128697753e-01 2.694893092543492255e-02
1.900000000000000000e+01 1.897682220189081947e-01 2.217936244012907662e-02
2.000000000000000000e+01 1.749008844159804787e-01 1.529557942679617838e-02
2.100000000000000000e+01 1.748246416590423791e-01 1.712770355595589350e-02
2.200000000000000000e+01 1.396004879536444088e-01 2.270602152515463837e-02
2.300000000000000000e+01 1.258767917047880491e-01 1.706551454929541162e-02
2.400000000000000000e+01 1.249618786215309502e-01 2.709808860841912692e-02
2.500000000000000000e+01 1.042238487343702391e-01 2.524215129635999991e-02
2.600000000000000000e+01 9.484598963098506141e-02 2.506731589166205296e-02
2.700000000000000000e+01 1.361695638914303119e-01 2.344941789884706987e-02
2.800000000000000000e+01 1.853461421164989409e-01 1.520779289603745726e-02
2.900000000000000000e+01 2.061604147605977377e-01 1.481664560900564261e-02
3.000000000000000000e+01 1.972400121988411026e-01 2.303548588030923661e-02
3.100000000000000000e+01 1.073498017688319650e-01 2.113434276575532067e-02
3.200000000000000000e+01 8.546813052759988372e-02 1.432252561873466681e-02
3.300000000000000000e+01 7.304056114669106592e-02 1.431003536790383113e-02
3.400000000000000000e+01 1.171851174138456853e-01 1.596293242232137491e-02
3.500000000000000000e+01 1.053674900884415955e-01 1.548465643048636126e-02
3.600000000000000000e+01 9.316864897834706283e-02 1.459320304170333080e-02
3.700000000000000000e+01 0.000000000000000000e+00 0.000000000000000000e+00
3.800000000000000000e+01 0.000000000000000000e+00 0.000000000000000000e+00
