1.000000000000000000e+00 0.000000000000000000e+00 0.000000000000000000e+00
2.000000000000000000e+00 0.000000000000000000e+00 0.000000000000000000e+00
3.000000000000000000e+00 0.000000000000000000e+00 0.000000000000000000e+00
4.000000000000000000e+00 1.144175824175824169e-01 1.899251612210665907e-02
5.000000000000000000e+00 2.098901098901098938e-01 1.971997337487223223e-02
6.000000000000000000e+00 2.418021978021978047e-01 2.036905748041440908e-02
7.000000000000000000e+00 2.445714285714285785e-01 2.538275367431187812e-02
8.000000000000000000e+00 1.963516483516483391e-01 2.302416272310768564e-02
9.000000000000000000e+00 1.661098901098901071e-01 2.331741684039916399e-02
1.000000000000000000e+01 1.358241758241758301e-01 2.427707386557346678e-02
1.100000000000000000e+01 1.121318681318681371e-01 2.447286914373593414e-02
1.200000000000000000e+01 1.501538461538461655e-01 2.450038668861964988e-02
1.300000000000000000e+01 1.517802197802197717e-01 3.301442040657399241e-02
1.400000000000000000e+01 1.743296703296703387e-01 2.098777240151956588e-02
1.500000000000000000e+01 1.521758241758241759e-01 1.834301930195601435e-02
1.600000000000000000e+01 1.040879120879120850e-01 1.426959905992044794e-02
1.700000000000000000e+01 7.740659340659340748e-02 1.292133412243948003e-02
1.800000000000000000e+01 7.476923076923076839e-02 1.318051602501683905e-02
1.900000000000000000e+01 1.572747252747252744e-01 1.760223840782125862e-02
2.000000000000000000e+01 1.631208791208791087e-01 2.075715841196737813e-02
2.100000000000000000e+01 1.648351648351648324e-01 2.247725806023537221e-02
2.200000000000000000e+01 1.418901098901098889e-01 2.408766718084735109e-02
2.300000000000000000e+01 1.252747252747252737e-01 2.025599219249510363e-02
2.400000000000000000e+01 1.210109890109890146e-01 2.085047224255983517e-02
2.500000000000000000e+01 1.050109890109890143e-01 2.083265656126995560e-02
2.600000000000000000e+01 9.384615384615384304e-02 2.007989099636326227e-02
2.700000000000000000e+01 1.469890109890109875e-01 2.028704926358938787e-02
2.800000000000000000e+01 1.934065934065934134e-01 2.135406335169912767e-02
2.900000000000000000e+01 2.227252747252747300e-01 2.421567180129724842e-02
3.000000000000000000e+01 2.035164835164835206e-01 2.392336531527864893e-02
3.100000000000000000e+01 1.107692307692307726e-01 1.869504942910147835e-02
3.200000000000000000e+01 8.276923076923077549e-02 1.119504140148300936e-02
3.300000000000000000e+01 5.630769230769230860e-02 9.535742134963234862e-03
3.400000000000000000e+01 8.589010989010989472e-02 1.319623270660044874e-02
3.500000000000000000e+01 7.547252747252747307e-02 1.281592951210273196e-02
3.600000000000000000e+01 6.276923076923077160e-02 1.154643769913767277e-02
3.700000000000000000e+01 0.000000000000000000e+00 0.000000000000000000e+00
3.800000000000000000e+01 0.000000000000000000e+00 0.000000000000000000e+00
