1.000000000000000000e+00 0.000000000000000000e+00 0.000000000000000000e+00
2.000000000000000000e+00 0.000000000000000000e+00 0.000000000000000000e+00
3.000000000000000000e+00 1.807092839394623901e-04 1.463571631870336644e-04
4.000000000000000000e+00 9.844138242602214206e-02 1.389632169986174462e-02
5.000000000000000000e+00 1.760560198780212471e-01 1.527489384490990885e-02
6.000000000000000000e+00 1.961147503953015458e-01 1.602041693268972666e-02
7.000000000000000000e+00 2.122430539868985777e-01 2.799836864093611585e-02
8.000000000000000000e+00 2.225886604924328105e-01 3.922562958449972437e-02
9.000000000000000000e+00 2.918454935622317725e-01 6.674639456321686259e-02
1.000000000000000000e+01 2.844364129207138103e-01 6.806494794731010600e-02
1.100000000000000000e+01 2.666817257736616154e-01 6.794005088164843664e-02
1.200000000000000000e+01 2.873277614637452237e-01 6.653675935749307768e-02
1.300000000000000000e+01 2.813643550937429683e-01 6.600888658025107214e-02
1.400000000000000000e+01 3.118138694375423570e-01 4.135007821225800823e-02
1.500000000000000000e+01 3.128529478201942382e-01 5.740872957637594559e-02
1.600000000000000000e+01 2.078156765303817433e-01 2.874344393365445630e-02
1.700000000000000000e+01 1.476394849785407637e-01 2.490888771391206596e-02
1.800000000000000000e+01 1.228371357578495610e-01 2.394581948221245413e-02
1.900000000000000000e+01 2.422407951208493393e-01 4.097013846353488725e-02
2.000000000000000000e+01 2.360515021459227425e-01 3.070995729202383173e-02
2.100000000000000000e+01 2.574203749717641765e-01 4.316747833130784445e-02
2.200000000000000000e+01 2.496498757623673015e-01 4.229854125216991195e-02
2.300000000000000000e+01 2.588660492432798832e-01 4.703613243233708413e-02
2.400000000000000000e+01 2.543483171447933344e-01 4.185947805757214008e-02
2.500000000000000000e+01 2.690761237858594890e-01 5.935723861008818797e-02
2.600000000000000000e+01 2.602213688728258201e-01 5.860277742144363172e-02
2.700000000000000000e+01 2.808222272419245713e-01 5.403531697611364815e-02
2.800000000000000000e+01 2.684888186130562349e-01 3.231142711506872212e-02
2.900000000000000000e+01 2.719674723288909024e-01 2.821829730826685978e-02
3.000000000000000000e+01 2.592274678111587960e-01 2.772415528592357681e-02
3.100000000000000000e+01 1.538739552744522177e-01 2.419826262065348510e-02
3.200000000000000000e+01 1.100971312401174546e-01 1.601610357453407338e-02
3.300000000000000000e+01 7.598825389654392803e-02 1.217802177019712724e-02
3.400000000000000000e+01 1.062570589564038881e-01 2.054569458109027288e-02
3.500000000000000000e+01 9.726677208041563383e-02 2.033084627742141187e-02
3.600000000000000000e+01 8.235825615540998124e-02 1.921643212149920510e-02
3.700000000000000000e+01 0.000000000000000000e+00 0.000000000000000000e+00
3.800000000000000000e+01 0.000000000000000000e+00 0.000000000000000000e+00
