8.440000000000000835e-01 3.043002250538576980e+00 -3.050061180738838362e-01
9.320000000000000506e-01 6.312478033722331849e-01 -1.319354665281921579e-01
1.020000000000000018e+00 0.000000000000000000e+00 -1.867763504585581713e-01
1.108000000000000096e+00 8.071842745020668675e-02 -5.557369954252269068e-02
1.196000000000000174e+00 5.258019724985690813e-02 -9.233743971740879242e-02
1.284000000000000252e+00 2.024121453398098347e-01 -8.310763417545952159e-02
1.372000000000000108e+00 3.593366109257578045e-01 -6.953173236564585968e-02
1.459999999999999964e+00 5.577637408593911772e-01 -5.513353284000759025e-02
1.548000000000000043e+00 7.613379450829150796e-01 -7.934869432470824380e-02
1.636000000000000121e+00 9.896751517480699700e-01 -8.451387832739182260e-02
1.724000000000000199e+00 1.181589259504973288e+00 -6.926196456966229875e-02
1.812000000000000277e+00 1.367466969851729663e+00 -5.232787633846759656e-02
1.900000000000000133e+00 1.512174326786745349e+00 -8.127436875790036708e-02
1.987999999999999989e+00 1.703671898778325922e+00 -9.955243082703883750e-02
2.076000000000000068e+00 1.845282515590247918e+00 -1.457228982544757356e-01
2.164000000000000146e+00 2.083656088685748475e+00 -1.649030442032529686e-01
2.252000000000000224e+00 2.486978387490933251e+00 -1.398473569980458464e-01
2.340000000000000302e+00 2.801321073334863243e+00 -2.046813619860011757e-01
2.428000000000000380e+00 3.018670248429470515e+00 -2.780664339613826419e-01
2.516000000000000458e+00 3.151674186520900367e+00 -2.421369646501747575e-01
2.604000000000000092e+00 3.869223176278876686e+00 -3.264974165288295205e-01
2.692000000000000171e+00 4.936297662203778636e+00 -5.331680485550498449e-01
2.780000000000000249e+00 8.641421946731085768e+00 nan
2.867999999999999883e+00 8.641421946731085768e+00 nan
2.955999999999999961e+00 8.641421946731085768e+00 nan
