0.0080 2.4922 2.2471 2.7372
0.0160 2.1752 1.9259 2.4245
0.0240 1.8641 1.5813 2.1469
0.0320 1.6700 1.4382 1.9019
0.0400 1.5440 1.2491 1.8389
0.0480 1.5694 1.4002 1.7387
0.0560 1.6754 1.5164 1.8344
0.0640 1.6426 1.5025 1.7826
0.0720 1.6597 1.5326 1.7868
0.0800 1.7663 1.6389 1.8936
0.0880 1.7132 1.5518 1.8746
0.0960 1.6454 1.4872 1.8037
0.1040 1.5990 1.4456 1.7525
0.1120 1.5762 1.4301 1.7223
0.1200 1.5832 1.4480 1.7185
0.1280 1.5847 1.4604 1.7090
0.1360 1.6706 1.5265 1.8146
0.1440 1.6632 1.5295 1.7968
0.1520 1.6680 1.5389 1.7971
0.1600 1.6268 1.5029 1.7508
0.1680 1.5798 1.4560 1.7036
0.1760 1.5399 1.4172 1.6627
0.1840 1.4989 1.3455 1.6524
0.1920 1.4576 1.3039 1.6114
0.2000 1.4354 1.2811 1.5897
0.2080 1.4154 1.2678 1.5630
0.2160 1.3933 1.2496 1.5370
0.2240 1.3646 1.2209 1.5083
0.2320 1.3477 1.2064 1.4891
0.2400 1.3323 1.1956 1.4691
0.2480 1.3116 1.1785 1.4446
0.2560 1.3030 1.1747 1.4313
0.2640 1.3108 1.1825 1.4392
0.2720 1.3052 1.1814 1.4290
0.2800 1.3011 1.1814 1.4208
0.2880 1.2808 1.1638 1.3977
0.2960 1.2653 1.1484 1.3823
0.3040 1.2585 1.1438 1.3733
0.3120 1.2515 1.1402 1.3627
0.3200 1.2423 1.1346 1.3501
0.3280 1.2348 1.1297 1.3399
0.3360 1.2193 1.0869 1.3518
0.3440 1.2074 1.0750 1.3398
0.3520 1.1945 1.0654 1.3236
0.3600 1.1804 1.0513 1.3095
0.3680 1.1664 1.0373 1.2955
0.3760 1.1534 1.0265 1.2802
0.3840 1.1408 1.0139 1.2677
0.3920 1.1296 1.0056 1.2536
0.4000 1.1287 1.0047 1.2527
0.4080 1.1303 1.0064 1.2543
0.4160 1.1397 1.0221 1.2574
0.4240 1.1332 1.0155 1.2508
0.4320 1.1477 1.0355 1.2599
0.4400 1.1519 1.0397 1.2642
0.4480 1.1534 1.0411 1.2656
0.4560 1.1824 1.0733 1.2914
0.4640 1.2171 1.1081 1.3262
0.4720 1.2374 1.1090 1.3657
0.4800 1.2660 1.1376 1.3944
0.4880 1.3127 1.1844 1.4411
0.4960 1.3457 1.1396 1.5518
0.5040 1.3872 1.1811 1.5932
0.5120 1.4000 1.1939 1.6061
0.5200 1.4024 1.1963 1.6085
0.5280 1.4001 1.1940 1.6062
0.5360 1.4121 1.2090 1.6151
0.5440 1.4137 1.2107 1.6168
0.5520 1.4093 1.2063 1.6124
0.5600 1.3993 1.1963 1.6024
0.5680 1.3924 1.1894 1.5955
0.5760 1.3888 1.2006 1.5769
0.5840 1.3828 1.1947 1.5710
0.5920 1.3817 1.1935 1.5698
0.6000 1.3833 1.1951 1.5714
0.6080 1.3909 1.2027 1.5791
0.6160 1.4107 1.2350 1.5864
0.6240 1.4226 1.2469 1.5983
0.6320 1.4490 1.2733 1.6247
0.6400 1.4646 1.2889 1.6403
0.6480 1.4843 1.3086 1.6600
0.6560 1.4846 1.3016 1.6676
0.6640 1.4776 1.2946 1.6607
0.6720 1.4735 1.2904 1.6565
0.6800 1.4662 1.2832 1.6492
0.6880 1.4616 1.2786 1.6446
0.6960 1.4556 1.2726 1.6386
0.7040 1.4541 1.2796 1.6285
0.7120 1.4487 1.2743 1.6232
0.7200 1.4445 1.2700 1.6189
0.7280 1.4415 1.2670 1.6159
0.7360 1.4359 1.2614 1.6103
0.7440 1.4310 1.2652 1.5968
0.7520 1.4262 1.2604 1.5920
0.7600 1.4170 1.2512 1.5828
0.7680 1.4081 1.2423 1.5739
0.7760 1.4032 1.2374 1.5690
0.7840 1.4010 1.2407 1.5612
0.7920 1.3974 1.2372 1.5577
0.8000 1.3933 1.2330 1.5536
0.8080 1.3887 1.2284 1.5490
0.8160 1.3819 1.2216 1.5421
0.8240 1.3741 1.2202 1.5279
0.8320 1.3669 1.2130 1.5207
0.8400 1.3598 1.2060 1.5137
0.8480 1.3519 1.1981 1.5058
0.8560 1.3516 1.1978 1.5055
0.8640 1.3465 1.1974 1.4955
0.8720 1.3400 1.1910 1.4890
0.8800 1.3340 1.1850 1.4830
0.8880 1.3340 1.1850 1.4831
0.8960 1.3272 1.1782 1.4762
0.9040 1.3247 1.1804 1.4689
0.9120 1.3224 1.1781 1.4666
0.9200 1.3245 1.1802 1.4687
0.9280 1.3233 1.1791 1.4676
0.9360 1.3469 1.2026 1.4911
0.9440 1.3896 1.2418 1.5374
0.9520 1.4459 1.2981 1.5937
0.9600 1.5049 1.3571 1.6527
0.9680 1.5704 1.4226 1.7182
0.9760 1.6142 1.4664 1.7620
0.9840 1.6765 1.3001 2.0530
0.9920 1.7015 1.3251 2.0780
1.0000 1.7129 1.3364 2.0894
1.0080 1.7224 1.3460 2.0989
1.0160 1.7385 1.3620 2.1150
1.0240 1.7652 1.3888 2.1417
1.0320 1.7852 1.4088 2.1617
1.0400 1.8000 1.4236 2.1765
1.0480 1.8111 1.4347 2.1876
1.0560 1.8275 1.4510 2.2040
1.0640 1.8487 1.4722 2.2252
1.0720 1.8665 1.5335 2.1996
1.0800 1.8828 1.5497 2.2159
1.0880 1.8868 1.5537 2.2199
1.0960 1.8934 1.5603 2.2264
1.1040 1.8920 1.5589 2.2251
1.1120 1.8905 1.5574 2.2235
1.1200 1.8885 1.5554 2.2216
1.1280 1.8880 1.5549 2.2211
1.1360 1.8884 1.5554 2.2215
1.1441 1.8871 1.5540 2.2202
1.1521 1.8872 1.5281 2.2463
1.1601 1.8834 1.5243 2.2424
1.1681 1.8846 1.5255 2.2437
1.1761 1.9067 1.5477 2.2658
1.1841 1.9291 1.5700 2.2882
1.1921 1.9479 1.5888 2.3070
1.2001 1.9715 1.6124 2.3306
1.2081 1.9894 1.6303 2.3485
1.2161 2.0116 1.6525 2.3707
1.2241 2.0245 1.6654 2.3835
1.2321 2.0273 1.6682 2.3864
1.2401 2.0321 1.6730 2.3911
1.2481 2.0411 1.6820 2.4001
1.2561 2.0512 1.6921 2.4102
1.2641 2.0569 1.6978 2.4159
1.2721 2.0604 1.7013 2.4194
1.2801 2.0620 1.7030 2.4211
1.2881 2.0552 1.6961 2.4142
1.2961 2.0506 1.6916 2.4097
1.3041 2.0552 1.6961 2.4143
1.3121 2.0607 1.7152 2.4062
1.3201 2.0582 1.7032 2.4131
1.3281 2.0563 1.7013 2.4112
1.3361 2.0578 1.7028 2.4127
1.3441 2.0639 1.7089 2.4188
1.3521 2.0610 1.7060 2.4159
1.3601 2.0540 1.6991 2.4090
1.3681 2.0483 1.6933 2.4032
1.3761 2.0455 1.6906 2.4005
1.3841 2.0401 1.6852 2.3951
1.3921 2.0357 1.6807 2.3906
1.4001 2.0315 1.6765 2.3864
1.4081 2.0292 1.6742 2.3841
1.4161 2.0250 1.6700 2.3799
1.4241 2.0195 1.6645 2.3744
1.4321 2.0136 1.6587 2.3686
1.4401 2.0071 1.6522 2.3621
1.4481 2.0035 1.6485 2.3584
1.4561 2.0007 1.6458 2.3557
1.4641 1.9953 1.6403 2.3502
1.4721 1.9888 1.6339 2.3438
1.4801 1.9822 1.6609 2.3036
1.4881 1.9794 1.6581 2.3007
1.4961 1.9729 1.6515 2.2942
1.5041 1.9665 1.6451 2.2878
1.5121 1.9602 1.6388 2.2815
1.5201 1.9545 1.6331 2.2758
1.5281 1.9483 1.6269 2.2696
1.5361 1.9419 1.6205 2.2632
1.5441 1.9353 1.6140 2.2567
1.5521 1.9287 1.6074 2.2500
1.5601 1.9239 1.6025 2.2452
1.5681 1.9192 1.5979 2.2406
1.5761 1.9145 1.5932 2.2359
1.5841 1.9090 1.5877 2.2303
1.5921 1.9033 1.5819 2.2246
1.6001 1.8991 1.5777 2.2204
1.6081 1.8959 1.5746 2.2173
1.6161 1.8983 1.5769 2.2196
1.6241 1.8967 1.5754 2.2180
1.6321 1.8930 1.5716 2.2143
1.6401 1.8869 1.5829 2.1908
1.6481 1.8818 1.5778 2.1858
1.6561 1.8760 1.5720 2.1800
1.6641 1.8702 1.5662 2.1742
1.6721 1.8661 1.5622 2.1701
1.6801 1.8685 1.5645 2.1725
1.6881 1.8656 1.5616 2.1696
1.6961 1.8611 1.5571 2.1650
1.7041 1.8550 1.5510 2.1590
1.7121 1.8492 1.5452 2.1532
1.7201 1.8457 1.5417 2.1496
1.7281 1.8472 1.5432 2.1512
1.7361 1.8427 1.5388 2.1467
1.7441 1.8387 1.5348 2.1427
1.7521 1.8363 1.5323 2.1403
1.7601 1.8334 1.5295 2.1374
1.7681 1.8316 1.5276 2.1356
1.7761 1.8298 1.5258 2.1338
1.7841 1.8266 1.5226 2.1305
1.7921 1.8251 1.5211 2.1291
1.8001 1.8214 1.5174 2.1254
1.8081 1.8174 1.5341 2.1006
1.8161 1.8147 1.5315 2.0980
