0.8654 1.0289 0.9160 1.1417
1.7307 1.1527 1.0820 1.2235
2.5961 1.2367 1.1542 1.3191
3.4614 1.5480 1.4165 1.6796
4.3268 1.8294 1.5942 2.0645
5.1921 1.9292 1.7029 2.1556
6.0575 2.2294 1.9436 2.5152
6.9228 2.2869 1.9511 2.6228
7.7882 2.1802 1.8832 2.4771
8.6535 2.1716 1.8952 2.4481
9.5189 2.1110 1.8642 2.3578
10.3842 2.1537 1.9197 2.3876
11.2496 2.1720 1.9610 2.3831
12.1149 2.1771 1.9762 2.3780
12.9803 2.1138 1.9275 2.3000
13.8456 2.0291 1.8431 2.2152
14.7110 2.0171 1.8333 2.2008
15.5763 2.0376 1.8607 2.2144
16.4417 2.0775 1.9040 2.2509
17.3070 2.0095 1.8420 2.1771
18.1724 2.0021 1.8359 2.1683
19.0377 1.9373 1.7458 2.1287
19.9031 1.8935 1.7020 2.0849
20.7685 1.8591 1.6680 2.0502
21.6338 1.8565 1.6728 2.0402
22.4992 1.8128 1.6360 1.9897
23.3645 1.7907 1.6187 1.9628
24.2299 1.7556 1.5835 1.9276
25.0952 1.7167 1.5469 1.8866
25.9606 1.6818 1.5128 1.8508
26.8259 1.6564 1.4897 1.8230
27.6913 1.6361 1.4743 1.7979
28.5566 1.6205 1.4586 1.7823
29.4220 1.5955 1.4383 1.7527
30.2873 1.5602 1.4043 1.7160
31.1527 1.5295 1.3734 1.6855
32.0180 1.5056 1.3496 1.6617
32.8834 1.4813 1.2890 1.6736
33.7487 1.4672 1.2782 1.6561
34.6141 1.4423 1.2534 1.6312
35.4794 1.4206 1.2367 1.6046
36.3448 1.4055 1.2216 1.5894
37.2101 1.3824 1.1985 1.5663
38.0755 1.3632 1.1831 1.5432
38.9408 1.3525 1.1725 1.5326
39.8062 1.3420 1.1620 1.5221
40.6716 1.3278 1.1555 1.5002
41.5369 1.3205 1.1482 1.4929
42.4023 1.3165 1.1517 1.4813
43.2676 1.3145 1.1497 1.4793
44.1330 1.3158 1.1510 1.4806
44.9983 1.3118 1.1555 1.4682
45.8637 1.3069 1.1505 1.4633
46.7290 1.2933 1.1435 1.4432
47.5944 1.2826 1.1327 1.4324
48.4597 1.2760 1.1261 1.4258
49.3251 1.2706 1.1261 1.4151
50.1904 1.2639 1.1194 1.4084
51.0558 1.2585 1.1195 1.3975
51.9211 1.2601 1.1211 1.3991
52.7865 1.2660 1.1270 1.4050
53.6518 1.2725 1.1389 1.4061
54.5172 1.2742 1.1406 1.4077
55.3825 1.2794 1.1509 1.4079
56.2479 1.2839 1.1554 1.4123
57.1132 1.2859 1.1574 1.4144
57.9786 1.2861 1.1625 1.4097
58.8439 1.2921 1.1685 1.4157
59.7093 1.3024 1.1789 1.4260
60.5747 1.3032 1.1832 1.4232
61.4400 1.3068 1.1868 1.4269
62.3054 1.3085 1.1928 1.4243
63.1707 1.3159 1.2001 1.4316
64.0361 1.3287 1.2130 1.4445
64.9014 1.3402 1.2259 1.4545
65.7668 1.3500 1.2357 1.4643
66.6321 1.3643 1.2491 1.4794
67.4975 1.3686 1.2534 1.4837
68.3628 1.3823 1.2671 1.4974
69.2282 1.3950 1.2809 1.5090
70.0935 1.4053 1.2913 1.5193
70.9589 1.4181 1.3040 1.5322
71.8242 1.4238 1.3096 1.5379
72.6896 1.4247 1.3106 1.5388
73.5549 1.4230 1.3122 1.5338
74.4203 1.4301 1.3194 1.5409
75.2856 1.4292 1.3184 1.5400
76.1510 1.4237 1.3161 1.5314
77.0163 1.4191 1.3114 1.5268
77.8817 1.4115 1.3060 1.5170
78.7470 1.4033 1.2978 1.5088
79.6124 1.3980 1.2925 1.5035
80.4777 1.3919 1.2877 1.4960
81.3431 1.3891 1.2545 1.5236
82.2085 1.3915 1.2900 1.4930
83.0738 1.3942 1.2927 1.4957
83.9392 1.3980 1.2634 1.5326
84.8045 1.3983 1.2992 1.4973
85.6699 1.3960 1.2687 1.5233
86.5352 1.3938 1.2972 1.4903
87.4006 1.3886 1.2921 1.4851
88.2659 1.3857 1.2584 1.5130
89.1313 1.3798 1.2582 1.5015
89.9966 1.3720 1.2504 1.4936
90.8620 1.3666 1.2449 1.4882
91.7273 1.3629 1.2413 1.4846
92.5927 1.3589 1.2373 1.4806
93.4580 1.3522 1.2334 1.4710
94.3234 1.3458 1.2270 1.4646
95.1887 1.3416 1.2228 1.4604
96.0541 1.3381 1.2193 1.4569
96.9194 1.3346 1.2158 1.4534
97.7848 1.3317 1.2160 1.4473
98.6501 1.3316 1.2159 1.4472
99.5155 1.3326 1.2169 1.4482
100.3808 1.3329 1.2172 1.4485
101.2462 1.3386 1.2230 1.4543
102.1116 1.3393 1.2287 1.4500
102.9769 1.3445 1.2339 1.4552
103.8423 1.3446 1.2339 1.4553
104.7076 1.3435 1.2329 1.4542
105.5730 1.3447 1.2340 1.4553
106.4383 1.3474 1.2412 1.4536
107.3037 1.3472 1.2410 1.4534
108.1690 1.3539 1.2477 1.4601
109.0344 1.3517 1.2455 1.4579
109.8997 1.3521 1.2459 1.4583
110.7651 1.3469 1.2450 1.4488
111.6304 1.3409 1.2390 1.4428
112.4958 1.3364 1.2345 1.4383
113.3611 1.3321 1.2302 1.4340
114.2265 1.3269 1.2250 1.4288
115.0918 1.3249 1.2230 1.4268
115.9572 1.3190 1.2185 1.4195
116.8225 1.3189 1.2184 1.4194
117.6879 1.3234 1.2228 1.4239
118.5532 1.3299 1.2294 1.4304
119.4186 1.3257 1.2252 1.4263
120.2839 1.3231 1.2264 1.4198
121.1493 1.3184 1.2216 1.4151
122.0147 1.3149 1.2182 1.4116
122.8800 1.3101 1.2134 1.4069
123.7454 1.3108 1.2141 1.4076
124.6107 1.3160 1.2219 1.4102
125.4761 1.3208 1.2266 1.4149
126.3414 1.3230 1.2288 1.4171
127.2068 1.3255 1.2313 1.4196
128.0721 1.3277 1.2335 1.4219
128.9375 1.3309 1.2384 1.4235
129.8028 1.3375 1.2449 1.4300
130.6682 1.3386 1.2460 1.4312
131.5335 1.3388 1.2463 1.4314
132.3989 1.3407 1.2481 1.4332
133.2642 1.3424 1.2522 1.4327
134.1296 1.3432 1.2530 1.4334
134.9949 1.3386 1.2484 1.4288
135.8603 1.3333 1.2431 1.4236
136.7256 1.3289 1.2386 1.4191
137.5910 1.3275 1.2391 1.4159
138.4563 1.3222 1.2338 1.4106
139.3217 1.3184 1.2300 1.4068
140.1870 1.3130 1.2246 1.4014
141.0524 1.3078 1.2194 1.3962
141.9178 1.3026 1.2138 1.3915
142.7831 1.2975 1.2087 1.3864
143.6485 1.2918 1.2030 1.3807
144.5138 1.2887 1.1999 1.3776
145.3792 1.2834 1.1945 1.3722
146.2445 1.2792 1.1897 1.3686
147.1099 1.2742 1.1847 1.3636
147.9752 1.2689 1.1795 1.3584
148.8406 1.2642 1.1748 1.3537
149.7059 1.2618 1.1724 1.3513
150.5713 1.2577 1.1683 1.3472
151.4366 1.2532 1.1637 1.3428
152.3020 1.2503 1.1608 1.3398
153.1673 1.2499 1.1604 1.3395
154.0327 1.2505 1.1610 1.3400
154.8980 1.2533 1.1638 1.3428
155.7634 1.2584 1.1715 1.3454
156.6287 1.2664 1.1794 1.3534
157.4941 1.2665 1.1796 1.3535
158.3594 1.2740 1.1870 1.3610
159.2248 1.2757 1.1887 1.3626
160.0901 1.2829 1.1951 1.3708
160.9555 1.2817 1.1938 1.3695
161.8209 1.2771 1.1893 1.3650
162.6862 1.2728 1.1849 1.3607
163.5516 1.2688 1.1809 1.3567
164.4169 1.2644 1.1782 1.3505
165.2823 1.2599 1.1737 1.3460
166.1476 1.2561 1.1699 1.3423
167.0130 1.2512 1.1650 1.3374
167.8783 1.2469 1.1607 1.3331
168.7437 1.2437 1.1571 1.3304
169.6090 1.2412 1.1545 1.3278
170.4744 1.2379 1.1512 1.3245
171.3397 1.2355 1.1488 1.3221
172.2051 1.2355 1.1488 1.3221
173.0704 1.2336 1.1486 1.3187
173.9358 1.2327 1.1477 1.3177
174.8011 1.2317 1.1467 1.3168
175.6665 1.2317 1.1467 1.3168
176.5318 1.2298 1.1448 1.3149
177.3972 1.2277 1.1446 1.3108
178.2625 1.2249 1.1418 1.3080
179.1279 1.2219 1.1387 1.3050
179.9932 1.2208 1.1376 1.3039
180.8586 1.2201 1.1370 1.3032
181.7240 1.2203 1.1389 1.3017
182.5893 1.2220 1.1405 1.3034
183.4547 1.2213 1.1399 1.3027
184.3200 1.2203 1.1389 1.3017
185.1854 1.2204 1.1389 1.3018
186.0507 1.2192 1.1378 1.3007
186.9161 1.2185 1.1390 1.2980
187.7814 1.2177 1.1382 1.2972
188.6468 1.2172 1.1377 1.2966
189.5121 1.2170 1.1375 1.2965
190.3775 1.2166 1.1371 1.2961
191.2428 1.2160 1.1384 1.2936
192.1082 1.2215 1.1438 1.2991
192.9735 1.2244 1.1467 1.3020
193.8389 1.2262 1.1485 1.3038
194.7042 1.2297 1.1520 1.3073
195.5696 1.2330 1.1559 1.3100
196.4349 1.2358 1.1588 1.3129
197.3003 1.2374 1.1603 1.3144
198.1656 1.2386 1.1615 1.3157
199.0310 1.2404 1.1633 1.3174
199.8963 1.2412 1.1652 1.3173
200.7617 1.2433 1.1672 1.3193
201.6271 1.2456 1.1695 1.3216
202.4924 1.2487 1.1727 1.3248
203.3578 1.2491 1.1731 1.3252
204.2231 1.2504 1.1755 1.3253
205.0885 1.2507 1.1757 1.3256
205.9538 1.2506 1.1757 1.3255
206.8192 1.2514 1.1765 1.3263
207.6845 1.2532 1.1783 1.3281
208.5499 1.2562 1.1827 1.3296
209.4152 1.2573 1.1838 1.3308
210.2806 1.2589 1.1854 1.3324
211.1459 1.2578 1.1843 1.3312
212.0113 1.2664 1.1929 1.3398
212.8766 1.2751 1.2011 1.3491
213.7420 1.2865 1.2125 1.3605
214.6073 1.2941 1.2201 1.3680
215.4727 1.3005 1.2265 1.3745
216.3380 1.3080 1.2340 1.3819
217.2034 1.3084 1.2121 1.4047
218.0687 1.3097 1.2135 1.4060
218.9341 1.3097 1.2135 1.4060
219.7994 1.3107 1.2144 1.4070
220.6648 1.3110 1.2147 1.4073
221.5301 1.3114 1.2110 1.4117
222.3955 1.3138 1.2134 1.4142
223.2609 1.3147 1.2143 1.4151
224.1262 1.3186 1.2182 1.4190
224.9916 1.3214 1.2210 1.4218
225.8569 1.3262 1.2258 1.4265
226.7223 1.3323 1.2319 1.4327
227.5876 1.3358 1.2354 1.4362
228.4530 1.3382 1.2378 1.4386
229.3183 1.3412 1.2408 1.4416
230.1837 1.3426 1.2422 1.4430
231.0490 1.3435 1.2422 1.4449
231.9144 1.3472 1.2459 1.4486
232.7797 1.3479 1.2466 1.4493
233.6451 1.3490 1.2477 1.4504
234.5104 1.3501 1.2487 1.4515
235.3758 1.3518 1.2504 1.4532
236.2411 1.3516 1.2502 1.4529
237.1065 1.3527 1.2514 1.4541
237.9718 1.3541 1.2527 1.4554
238.8372 1.3561 1.2548 1.4575
239.7025 1.3567 1.2582 1.4553
240.5679 1.3586 1.2601 1.4572
241.4332 1.3580 1.2595 1.4566
242.2986 1.3574 1.2588 1.4559
243.1640 1.3575 1.2590 1.4561
244.0293 1.3586 1.2601 1.4572
244.8947 1.3590 1.2605 1.4576
245.7600 1.3625 1.2639 1.4610
246.6254 1.3657 1.2672 1.4643
247.4907 1.3674 1.2688 1.4660
248.3561 1.3691 1.2733 1.4649
249.2214 1.3717 1.2758 1.4675
250.0868 1.3808 1.2850 1.4767
250.9521 1.3947 1.2988 1.4905
251.8175 1.4010 1.3052 1.4968
252.6828 1.4034 1.3075 1.4992
253.5482 1.4029 1.3070 1.4987
254.4135 1.4018 1.3060 1.4977
255.2789 1.4014 1.3056 1.4973
256.1442 1.3999 1.3040 1.4957
257.0096 1.3994 1.3022 1.4966
257.8749 1.3993 1.3021 1.4965
258.7403 1.3993 1.3020 1.4965
259.6056 1.3987 1.3015 1.4959
260.4710 1.3998 1.3026 1.4970
261.3363 1.3983 1.3011 1.4955
262.2017 1.3988 1.3016 1.4960
263.0671 1.3975 1.3002 1.4947
263.9324 1.3965 1.2992 1.4937
264.7978 1.3970 1.2998 1.4943
265.6631 1.3964 1.2991 1.4936
266.5285 1.3959 1.3019 1.4899
267.3938 1.3952 1.3012 1.4892
268.2592 1.3963 1.3023 1.4903
269.1245 1.3955 1.3015 1.4895
269.9899 1.3955 1.3015 1.4894
270.8552 1.3944 1.3004 1.4883
271.7206 1.3936 1.2996 1.4876
272.5859 1.3933 1.2993 1.4873
273.4513 1.3946 1.3007 1.4886
274.3166 1.3960 1.3020 1.4900
275.1820 1.3974 1.3064 1.4883
276.0473 1.3975 1.3066 1.4884
276.9127 1.3975 1.3066 1.4884
277.7780 1.3991 1.3082 1.4900
278.6434 1.4001 1.3092 1.4910
279.5087 1.4006 1.3097 1.4915
280.3741 1.4023 1.3114 1.4932
281.2394 1.4051 1.3142 1.4960
282.1048 1.4085 1.3176 1.4995
282.9702 1.4137 1.3228 1.5046
283.8355 1.4169 1.3267 1.5070
284.7009 1.4182 1.3281 1.5084
285.5662 1.4197 1.3295 1.5099
286.4316 1.4228 1.3327 1.5130
287.2969 1.4263 1.3362 1.5165
288.1623 1.4316 1.3414 1.5217
289.0276 1.4340 1.3439 1.5242
289.8930 1.4364 1.3462 1.5265
290.7583 1.4375 1.3473 1.5277
291.6237 1.4390 1.3489 1.5292
292.4890 1.4387 1.3484 1.5291
293.3544 1.4373 1.3470 1.5276
294.2197 1.4354 1.3451 1.5257
295.0851 1.4332 1.3429 1.5235
295.9504 1.4312 1.3409 1.5215
296.8158 1.4308 1.3405 1.5211
297.6811 1.4312 1.3409 1.5215
298.5465 1.4315 1.3411 1.5218
299.4118 1.4330 1.3426 1.5233
300.2772 1.4375 1.3472 1.5278
301.1425 1.4369 1.3465 1.5272
302.0079 1.4355 1.3479 1.5232
302.8733 1.4325 1.3449 1.5201
303.7386 1.4299 1.3423 1.5176
304.6040 1.4289 1.3412 1.5165
305.4693 1.4280 1.3403 1.5156
306.3347 1.4264 1.3388 1.5141
307.2000 1.4249 1.3373 1.5126
