1.000000000000000000e+00 0.000000000000000000e+00 0.000000000000000000e+00
2.000000000000000000e+00 0.000000000000000000e+00 0.000000000000000000e+00
3.000000000000000000e+00 1.102504154812540549e-01 1.263757561279942043e-02
4.000000000000000000e+00 1.868679755499844941e-01 1.625691233478532283e-02
5.000000000000000000e+00 3.670319145939551081e-02 2.224526245428634554e-03
6.000000000000000000e+00 2.284442691755161903e-02 1.606164229362886525e-03
7.000000000000000000e+00 3.791442494577617617e-01 1.511676207240745737e-02
8.000000000000000000e+00 8.526520379707613895e-02 6.103447675326718717e-03
9.000000000000000000e+00 9.447621193769190073e-02 8.062064628064725957e-03
1.000000000000000000e+01 1.619954367482606128e-01 1.053651979067933044e-02
1.100000000000000000e+01 1.281654037914425059e-01 9.114197935034186460e-03
1.200000000000000000e+01 1.411227852736542665e-01 1.189680664863364268e-02
1.300000000000000000e+01 9.118053012591194328e-02 1.156658358045040656e-02
1.400000000000000000e+01 1.151235176473902194e-01 1.253184080685788328e-02
1.500000000000000000e+01 1.358834962395425450e-01 8.148885368936344825e-03
1.600000000000000000e+01 1.961071519112137784e-01 1.766746306170100672e-02
1.700000000000000000e+01 2.089236922903580096e-01 2.209969722833167102e-02
1.800000000000000000e+01 1.271513478493563609e-01 8.503129631397926894e-03
1.900000000000000000e+01 1.961634883524407680e-01 1.426509498095212929e-02
2.000000000000000000e+01 3.254556209684233981e-01 2.070020787812373517e-02
2.100000000000000000e+01 2.362468662854567414e-01 1.684382245028516120e-02
2.200000000000000000e+01 2.325004929438607426e-01 1.854891122452131599e-02
2.300000000000000000e+01 1.896566293907213929e-01 1.528757051216139522e-02
2.400000000000000000e+01 2.444438184839863581e-01 1.664966738296318888e-02
2.500000000000000000e+01 2.323033153995661959e-01 1.584155454316233877e-02
2.600000000000000000e+01 1.087293315681248373e-01 1.158259691140429808e-02
2.700000000000000000e+01 7.067406551928114011e-02 5.169442631983925049e-03
2.800000000000000000e+01 1.469254387200360501e-01 2.949738235700089667e-02
2.900000000000000000e+01 1.735162389791836957e-01 2.632456387421528571e-02
3.000000000000000000e+01 1.628968198078927232e-01 1.067059676528633351e-02
3.100000000000000000e+01 1.795442381904735207e-01 1.378990954041192131e-02
3.200000000000000000e+01 1.696853609757471570e-01 8.151964322277636260e-03
3.300000000000000000e+01 2.469226218979747034e-01 1.138297226698136051e-02
3.400000000000000000e+01 2.423593701585870785e-01 1.735158399560611173e-02
3.500000000000000000e+01 1.535449705642094598e-01 7.383156115934410603e-03
3.600000000000000000e+01 0.000000000000000000e+00 0.000000000000000000e+00
3.700000000000000000e+01 0.000000000000000000e+00 0.000000000000000000e+00
3.800000000000000000e+01 0.000000000000000000e+00 0.000000000000000000e+00
