1.205002e-03
7.181497e-03
1.222396e-04
3.386495e-05
3.440059e-04
4.621981e-04
8.011680e-04
4.305832e-04
5.106945e-05
8.325971e-05
1.738310e-04
1.797705e-04
3.860870e-04
4.249479e-04
3.879918e-04
1.384745e-05
5.897365e-04
4.823620e-04
3.176566e-03
6.618556e-04
3.888318e-03
4.623527e-03
1.066009e-03
1.387587e-03
6.243378e-04
9.413143e-04
2.983814e-03
4.045014e-05
8.822427e-04
2.312606e-04
3.395725e-04
1.409310e-03
5.772943e-04
4.992706e-04
5.556009e-05
8.578357e-04
5.373126e-04
1.131321e-03
3.325705e-04
4.028929e-03
7.975288e-05
2.767041e-04
3.159885e-04
1.404947e-04
5.627013e-03
3.957462e-04
2.283693e-04
7.533788e-05
6.668059e-05
6.739399e-05
1.048586e-03
8.302557e-05
1.492054e-04
4.562141e-05
5.814955e-05
1.741911e-04
2.217569e-03
2.248283e-02
3.342168e-04
2.048990e-04
1.038752e-03
1.472731e-04
1.354753e-03
5.413516e-04
2.100624e-03
5.950590e-04
4.737502e-03
2.070241e-03
6.306031e-04
4.808829e-04
3.933202e-04
2.179128e-04
7.031928e-03
1.737380e-03
1.214642e-02
7.730343e-04
3.958053e-05
6.967997e-04
7.666329e-04
3.447290e-03
7.969015e-04
1.357659e-04
9.910744e-04
1.551212e-04
1.071050e-03
3.365099e-03
2.260545e-04
2.323291e-03
1.828431e-04
2.239636e-04
1.081023e-03
1.122806e-03
2.890705e-04
1.615955e-03
2.284645e-04
1.125884e-03
1.639484e-04
7.225664e-04
9.829742e-05
1.301490e-03
6.126353e-04
1.853334e-03
6.467587e-05
6.758623e-05
1.166054e-02
7.843965e-04
4.393400e-03
1.090530e-03
4.777072e-05
3.685301e-04
4.767151e-04
1.045286e-04
1.655807e-04
2.568237e-04
5.374565e-04
1.418995e-04
2.743149e-04
9.586133e-04
2.702460e-04
3.097865e-04
1.206595e-04
3.724947e-04
7.305968e-05
5.979321e-04
1.105281e-03
5.984550e-04
3.577613e-04
5.514652e-04
1.183970e-03
9.869510e-05
2.326840e-03
1.373743e-03
1.105159e-03
1.648631e-04
1.197532e-04
2.223261e-03
4.455398e-05
1.585168e-03
4.535958e-04
5.852160e-04
3.480516e-04
8.088874e-03
3.740189e-04
4.024792e-04
1.028476e-03
9.239334e-04
1.297543e-04
1.457281e-04
2.083277e-04
4.119796e-03
3.345538e-04
3.424969e-04
1.211318e-03
6.268247e-03
1.999097e-04
1.127749e-04
3.673809e-04
4.630421e-04
8.512006e-05
6.754349e-04
4.156491e-04
1.529275e-04
1.736462e-04
4.547422e-04
1.548103e-04
1.540916e-03
1.216086e-04
4.220840e-04
1.329715e-04
4.014272e-04
1.834583e-04
2.454926e-04
1.396124e-04
2.366473e-04
4.770659e-05
1.802611e-04
8.228189e-05
7.144635e-04
2.294924e-04
2.743818e-03
1.610186e-04
9.700599e-05
2.892673e-04
1.824850e-03
6.926411e-04
2.912446e-04
2.004277e-04
3.947158e-05
2.664931e-04
4.053317e-04
8.529960e-05
1.241325e-03
1.809556e-03
2.321455e-04
2.864839e-03
1.059060e-03
1.443185e-04
5.750719e-03
8.732480e-03
8.753177e-04
5.628470e-05
1.931325e-04
6.002983e-04
4.100640e-04
2.089910e-04
4.992585e-03
1.795840e-04
3.560964e-03
3.643420e-03
2.968890e-03
9.144483e-05
1.231729e-03
2.218616e-05
3.206903e-05
2.673008e-04
1.013120e-03
2.635321e-04
1.291407e-03
3.498399e-04
2.324661e-03
3.256636e-04
2.572952e-04
3.525590e-04
2.024623e-04
1.467708e-04
1.706367e-03
2.331173e-04
5.137714e-04
1.655859e-04
5.917246e-04
1.529352e-03
1.073937e-03
7.424424e-05
8.064333e-04
3.022410e-04
1.841428e-04
8.603073e-04
3.173124e-05
6.789187e-05
4.397788e-04
3.612311e-04
5.354827e-05
4.195544e-03
7.632456e-05
1.844156e-05
1.358565e-04
9.565556e-05
1.239982e-04
7.558559e-03
2.265248e-05
6.473559e-05
7.347069e-05
1.443579e-02
8.646533e-04
1.231208e-04
5.971271e-05
8.157505e-05
1.395236e-04
7.351781e-05
4.746195e-05
1.040403e-04
5.227076e-05
3.896607e-05
5.955144e-04
1.285613e-02
1.253881e-04
3.845478e-05
3.263797e-04
2.299840e-04
1.742133e-04
4.611160e-05
1.951319e-05
3.776176e-04
1.458716e-04
1.370769e-04
4.333284e-03
1.918932e-04
5.415763e-05
2.004227e-04
1.333532e-03
3.367575e-04
1.648655e-04
1.714453e-04
1.602472e-03
3.556555e-05
1.282010e-04
1.296683e-04
3.627574e-05
8.566615e-04
2.702787e-04
1.002036e-04
1.204308e-04
1.963534e-04
3.954489e-04
5.620770e-04
7.001613e-05
3.917112e-04
1.836521e-04
7.561949e-03
6.071154e-04
5.585189e-03
1.907407e-04
1.692367e-04
4.264133e-04
5.250985e-04
2.115799e-03
6.949028e-05
2.459710e-04
6.596209e-05
9.198954e-04
1.227990e-03
1.846086e-04
4.632851e-03
1.160053e-03
9.013517e-05
9.988053e-05
9.173883e-04
1.479818e-04
9.505529e-04
2.500836e-03
8.353834e-05
3.197469e-04
9.177014e-05
6.062786e-04
8.148296e-05
1.968132e-04
9.634923e-04
3.633515e-03
1.107817e-04
7.631233e-05
2.537688e-03
1.131617e-03
1.230138e-04
3.427518e-03
1.153886e-03
2.166685e-04
1.048217e-03
3.422969e-04
1.335472e-03
6.361967e-04
9.111757e-05
5.206478e-03
1.518002e-04
7.933120e-04
2.522345e-04
9.342752e-04
1.387801e-03
2.086164e-04
2.746620e-04
2.258193e-05
1.886755e-04
1.566943e-04
7.660436e-04
1.425421e-03
3.890931e-03
4.677175e-04
1.578388e-04
8.157317e-05
4.510054e-03
1.032192e-04
8.108661e-05
2.595723e-03
1.097344e-03
1.116560e-03
3.986654e-05
4.111641e-05
1.139914e-03
9.375843e-04
1.165698e-02
5.083991e-05
1.274146e-05
4.279298e-05
1.991561e-05
3.272349e-04
9.180095e-05
1.107154e-03
3.618068e-03
8.378506e-04
1.226746e-02
4.079252e-05
1.714495e-03
9.427941e-03
1.865760e-04
5.175644e-04
5.884530e-05
9.344288e-04
5.807223e-05
7.764164e-05
1.104701e-03
6.309619e-05
2.976302e-05
2.487199e-04
1.711510e-03
6.423159e-05
1.940083e-03
6.442719e-05
1.405331e-03
3.179307e-02
2.404335e-03
3.937652e-04
8.417744e-04
1.395508e-03
5.328640e-04
5.754958e-04
2.211973e-04
1.879569e-03
3.247262e-04
5.895996e-04
1.294389e-03
5.985575e-04
4.776130e-04
4.014228e-04
6.358568e-04
5.556388e-03
7.996981e-04
9.841909e-05
9.447925e-04
3.437911e-03
4.211342e-03
2.148573e-04
9.843131e-04
4.144390e-04
3.025487e-03
6.926689e-04
3.803137e-04
4.982597e-04
9.871132e-04
6.646855e-04
8.444896e-04
1.004305e-04
9.481902e-04
1.121467e-04
1.119805e-03
6.625497e-04
1.013217e-04
3.798135e-04
4.241703e-04
8.815848e-04
3.283343e-05
8.101797e-05
3.453485e-04
3.271087e-03
8.824034e-05
1.442908e-04
4.499455e-04
1.161097e-03
4.244343e-05
1.773519e-03
3.853250e-03
1.410775e-03
6.359819e-04
2.779878e-04
4.889475e-04
4.982252e-04
3.794863e-03
1.856774e-03
9.491258e-04
5.477092e-05
1.720804e-04
7.152709e-05
6.168615e-04
1.637580e-03
7.055530e-04
5.246154e-03
8.506311e-04
2.257871e-04
2.274647e-04
7.773912e-04
8.322942e-05
3.606158e-04
9.125553e-04
3.369158e-03
7.121263e-04
1.131423e-03
3.808467e-04
6.472900e-04
9.276906e-05
3.420967e-03
8.764860e-05
4.947039e-04
1.379523e-04
1.157339e-04
6.174546e-05
3.984318e-04
1.594298e-04
1.233756e-03
1.280067e-04
5.536215e-04
1.022701e-04
1.047639e-04
4.223829e-03
7.064789e-04
9.850587e-04
7.986016e-05
3.367095e-04
1.093117e-03
1.019932e-05
2.144621e-04
1.540527e-03
2.420799e-04
1.228799e-04
4.700988e-05
2.335611e-05
2.295770e-04
4.798377e-04
1.411333e-04
3.876332e-04
1.602906e-04
1.365538e-03
2.331685e-04
1.965963e-04
4.152347e-04
1.439433e-04
4.066732e-04
7.532662e-04
5.420117e-05
7.857468e-04
2.176098e-04
1.661110e-03
1.120241e-04
1.183132e-04
3.191397e-04
7.418753e-04
9.616449e-05
1.729446e-03
1.108958e-03
3.506465e-04
1.712008e-04
2.612396e-04
1.034513e-04
4.824666e-05
2.416296e-04
1.038663e-03
1.658570e-03
1.626035e-03
9.560566e-04
2.174570e-04
1.671326e-04
7.038330e-04
1.049204e-03
9.447624e-04
3.480854e-05
4.757893e-03
3.367213e-03
1.590359e-03
8.933213e-04
4.238717e-04
8.678755e-05
2.880755e-03
5.719124e-04
3.920544e-04
1.038757e-04
6.129273e-04
2.919842e-04
1.086869e-03
1.956732e-04
1.321794e-03
5.712295e-04
2.126840e-03
1.709974e-03
8.296629e-05
5.931658e-04
8.009673e-05
1.689693e-04
1.842121e-03
2.655001e-04
8.427318e-04
7.202569e-04
1.855179e-03
3.586070e-03
3.634604e-05
5.817445e-03
1.638906e-03
9.495444e-04
5.606859e-04
9.474531e-05
2.824375e-04
6.832423e-04
6.795370e-03
1.843468e-02
2.993924e-04
4.114017e-05
5.397691e-04
3.104721e-05
9.908657e-05
1.058580e-04
1.968167e-04
3.349756e-04
2.208129e-04
3.610710e-04
2.714550e-04
2.048348e-04
2.602947e-04
2.962609e-03
2.024514e-03
3.973169e-05
4.765875e-04
5.566087e-04
1.040687e-03
7.034802e-03
8.489008e-04
8.594814e-05
6.758208e-05
1.026018e-04
1.416711e-04
4.899466e-04
2.794846e-04
3.418970e-04
2.435497e-04
6.892634e-05
1.163355e-04
4.281031e-04
5.045301e-04
4.969602e-05
9.093013e-04
1.675616e-03
4.797095e-05
5.992604e-04
6.597185e-04
3.629487e-04
9.814902e-04
7.690201e-04
2.544145e-04
6.094226e-04
1.661043e-04
7.795310e-04
4.397132e-04
2.275732e-03
1.382517e-04
3.242066e-05
6.545416e-04
2.697453e-03
1.665796e-04
2.021574e-04
6.443731e-04
3.343024e-04
7.999789e-04
2.940658e-04
5.193805e-04
4.434504e-03
6.706776e-04
1.177581e-04
5.087031e-05
1.600029e-04
2.634486e-03
6.148933e-04
2.999220e-04
4.226456e-03
1.503234e-03
1.800667e-04
1.454344e-04
6.117737e-04
4.425787e-04
4.116244e-04
2.751407e-04
1.164870e-04
2.153303e-04
2.660758e-04
3.540630e-03
4.612932e-04
2.079394e-04
9.354065e-03
8.940344e-04
1.307178e-04
5.317322e-04
1.987314e-04
1.162707e-04
3.441483e-04
3.611443e-05
3.377312e-04
1.100325e-03
1.177180e-03
1.134862e-04
1.058118e-04
3.141726e-04
2.691893e-04
1.046229e-04
8.657833e-04
9.438136e-05
1.729597e-04
1.362761e-04
6.301689e-03
5.356456e-05
3.151855e-05
1.176139e-03
2.819761e-04
1.555552e-03
4.532832e-04
7.697653e-05
4.192330e-03
1.176150e-03
1.342895e-03
5.743243e-05
7.241819e-05
5.505280e-05
7.796181e-05
2.122046e-05
3.198054e-04
5.235123e-04
9.816915e-04
1.489240e-04
2.432278e-04
3.828862e-05
4.863021e-05
4.034540e-04
5.731044e-04
7.309187e-06
2.286602e-04
2.163031e-04
1.188970e-04
1.959171e-04
4.330193e-04
3.340473e-04
1.252863e-04
1.488166e-03
2.240645e-04
4.195597e-05
1.226185e-04
3.171638e-05
1.095489e-05
1.706603e-04
9.356946e-04
3.020554e-05
1.303541e-03
4.283049e-04
3.638347e-04
2.892975e-04
1.236680e-04
4.073392e-05
1.401804e-05
2.188071e-04
3.369553e-04
1.591818e-03
8.553986e-05
2.888397e-06
2.231173e-05
7.262980e-06
9.100391e-05
1.059105e-04
1.447356e-04
6.013328e-04
1.450986e-04
8.707743e-04
2.157533e-04
2.748432e-04
7.208684e-05
6.930750e-04
3.859961e-03
2.044104e-03
2.512100e-04
6.310645e-05
3.646191e-04
3.122271e-05
7.018153e-04
8.383189e-05
3.575430e-03
8.053264e-04
5.348381e-04
9.764332e-05
8.703273e-05
1.202744e-03
8.437887e-05
2.851420e-04
6.510242e-04
2.174706e-03
4.389119e-04
6.415470e-05
9.803268e-05
3.611395e-05
2.052140e-04
3.643290e-05
1.771065e-04
3.320005e-04
2.601455e-03
3.002938e-04
2.625586e-04
8.305097e-04
5.120313e-04
5.038347e-04
4.140239e-04
2.813840e-04
1.278604e-04
7.794529e-05
7.408580e-04
5.767578e-04
5.963971e-04
5.472069e-03
1.095962e-03
2.934642e-04
1.853046e-03
8.803442e-04
4.052514e-04
2.751954e-03
1.923509e-04
2.775410e-04
1.219251e-03
5.068425e-04
2.755956e-04
3.403799e-04
1.323862e-04
3.609227e-04
3.972248e-05
3.862869e-03
4.523762e-05
1.992056e-04
1.107402e-04
1.568964e-04
2.045226e-05
3.301853e-04
6.930492e-05
4.707531e-04
3.949524e-03
8.048307e-05
7.418628e-04
8.053080e-05
2.207769e-04
9.147734e-04
4.493959e-04
3.458433e-04
3.103703e-04
4.088299e-05
4.449076e-04
1.614112e-04
7.301134e-04
4.195270e-04
9.312044e-05
8.932671e-04
1.958039e-04
1.555884e-04
1.742230e-03
1.042556e-04
1.007313e-04
3.161632e-04
6.651054e-05
5.037814e-05
3.584571e-04
1.049601e-03
6.999561e-04
1.018251e-03
3.726302e-04
5.591531e-04
2.599616e-04
3.822680e-04
1.466942e-04
9.647533e-05
2.645886e-04
6.400230e-04
2.663322e-04
1.421798e-04
3.129911e-04
1.065107e-03
2.176471e-04
4.018515e-03
9.980253e-05
3.365303e-05
1.480525e-04
9.891673e-04
4.054630e-04
4.583010e-04
6.330471e-05
4.771741e-05
1.838366e-03
1.075885e-03
1.272782e-02
9.344339e-04
6.023851e-03
1.539588e-04
1.463625e-05
1.808783e-04
2.727494e-05
5.128491e-04
1.450539e-04
9.100652e-05
3.254536e-05
4.827496e-04
2.124594e-04
1.059451e-03
7.593942e-05
2.237130e-04
1.385357e-04
4.802524e-04
2.583396e-04
6.032228e-03
1.493735e-03
7.146308e-04
1.358113e-02
4.712741e-04
2.716423e-04
1.203814e-04
1.982866e-04
9.742331e-03
6.449417e-04
1.176719e-04
1.675122e-03
1.444894e-04
2.131425e-04
4.593077e-05
2.132274e-02
1.530405e-04
9.006409e-05
7.945674e-04
2.652418e-03
2.893485e-04
4.244689e-05
2.051571e-04
5.233247e-04
8.692084e-05
6.022835e-05
1.162686e-04
5.451619e-05
7.068509e-04
5.194694e-04
1.903574e-03
8.912906e-05
4.728640e-04
5.550998e-04
3.512152e-03
4.582730e-04
8.765857e-05
1.308338e-04
7.700746e-05
3.928837e-04
2.532974e-04
3.288570e-03
7.123921e-05
1.136596e-03
1.163726e-04
6.023365e-04
2.750923e-04
5.288462e-05
5.279304e-05
1.104174e-04
1.193370e-04
9.790466e-05
3.579240e-04
5.824717e-04
5.026435e-04
4.429645e-05
1.108340e-02
9.642923e-04
2.198144e-03
1.253358e-04
2.480029e-04
2.469105e-04
1.025408e-04
6.799875e-05
1.196272e-04
9.072937e-04
1.550287e-03
3.253442e-03
1.863406e-04
9.229729e-04
3.304478e-04
2.283660e-03
2.891320e-04
9.993344e-05
2.869496e-04
5.832572e-05
5.537981e-05
2.436488e-04
1.967103e-03
5.965712e-04
1.487266e-04
1.741846e-03
1.599352e-04
1.287092e-04
1.663674e-04
4.734207e-04
1.355617e-04
3.658760e-04
3.969731e-04
2.361143e-04
4.700190e-05
5.408021e-05
9.772629e-04
2.986253e-04
2.872354e-04
6.810708e-04
3.132648e-04
1.450574e-04
5.086238e-04
9.532797e-04
5.087538e-04
2.514317e-04
3.372473e-05
2.285576e-04
9.319015e-05
3.041763e-03
