 0.001205001989
 0.007181497114
 0.000122239613
 0.000033864948
 0.000344005940
 0.000462198067
 0.000801167980
 0.000430583164
 0.000051069449
 0.000083259710
 0.000173830959
 0.000179770545
 0.000386086961
 0.000424947941
 0.000387991783
 0.000013847449
 0.000589736537
 0.000482361958
 0.003176565532
 0.000661855568
 0.003888318082
 0.004623526607
 0.001066009013
 0.001387587073
 0.000624337755
 0.000941314339
 0.002983813946
 0.000040450144
 0.000882242651
 0.000231260577
 0.000339572490
 0.001409310490
 0.000577294320
 0.000499270622
 0.000055560086
 0.000857835692
 0.000537312627
 0.001131321399
 0.000332570548
 0.004028928615
 0.000079752884
 0.000276704132
 0.000315988519
 0.000140494731
 0.005627013257
 0.000395746200
 0.000228369262
 0.000075337885
 0.000066680594
 0.000067393985
 0.001048585620
 0.000083025570
 0.000149205354
 0.000045621414
 0.000058149546
 0.000174191130
 0.002217569215
 0.022482826121
 0.000334216848
 0.000204899009
 0.001038752033
 0.000147273087
 0.001354753260
 0.000541351554
 0.002100623834
 0.000595059006
 0.004737501880
 0.002070241341
 0.000630603147
 0.000480882867
 0.000393320210
 0.000217912840
 0.007031928029
 0.001737379967
 0.012146421096
 0.000773034287
 0.000039580534
 0.000696799685
 0.000766632930
 0.003447289953
 0.000796901528
 0.000135765943
 0.000991074417
 0.000155121166
 0.001071050406
 0.003365099282
 0.000226054457
 0.002323290848
 0.000182843124
 0.000223963606
 0.001081023443
 0.001122806033
 0.000289070530
 0.001615955229
 0.000228464503
 0.001125883747
 0.000163948413
 0.000722566384
 0.000098297421
 0.001301490429
 0.000612635262
 0.001853334272
 0.000064675865
 0.000067586226
 0.011660543242
 0.000784396516
 0.004393399716
 0.001090530204
 0.000047770718
 0.000368530147
 0.000476715094
 0.000104528644
 0.000165580691
 0.000256823682
 0.000537456512
 0.000141899480
 0.000274314869
 0.000958613335
 0.000270246013
 0.000309786519
 0.000120659548
 0.000372494684
 0.000073059677
 0.000597932085
 0.001105280716
 0.000598454962
 0.000357761273
 0.000551465201
 0.001183970446
 0.000098695102
 0.002326839767
 0.001373743047
 0.001105158773
 0.000164863143
 0.000119753186
 0.002223261113
 0.000044553980
 0.001585167764
 0.000453595821
 0.000585216037
 0.000348051588
 0.008088873518
 0.000374018869
 0.000402479240
 0.001028475651
 0.000923933358
 0.000129754343
 0.000145728086
 0.000208327711
 0.004119796471
 0.000334553759
 0.000342496909
 0.001211318082
 0.006268246972
 0.000199909655
 0.000112774950
 0.000367380933
 0.000463042093
 0.000085120055
 0.000675434897
 0.000415649116
 0.000152927474
 0.000173646165
 0.000454742203
 0.000154810285
 0.001540916054
 0.000121608648
 0.000422084049
 0.000132971547
 0.000401427248
 0.000183458253
 0.000245492636
 0.000139612376
 0.000236647279
 0.000047706587
 0.000180261109
 0.000082281890
 0.000714463532
 0.000229492379
 0.002743817771
 0.000161018585
 0.000097005990
 0.000289267268
 0.001824850117
 0.000692641131
 0.000291244618
 0.000200427712
 0.000039471578
 0.000266493111
 0.000405331662
 0.000085299596
 0.001241324701
 0.001809556247
 0.000232145539
 0.002864839301
 0.001059060206
 0.000144318507
 0.005750719159
 0.008732479566
 0.000875317693
 0.000056284695
 0.000193132525
 0.000600298264
 0.000410063957
 0.000208991015
 0.004992584857
 0.000179583955
 0.003560963921
 0.003643420420
 0.002968890144
 0.000091444833
 0.001231728889
 0.000022186158
 0.000032069029
 0.000267300811
 0.001013119621
 0.000263532126
 0.001291406506
 0.000349839899
 0.002324661450
 0.000325663644
 0.000257295234
 0.000352558951
 0.000202462350
 0.000146770759
 0.001706367026
 0.000233117311
 0.000513771444
 0.000165585876
 0.000591724634
 0.001529352451
 0.001073937114
 0.000074244241
 0.000806433302
 0.000302241021
 0.000184142756
 0.000860307311
 0.000031731242
 0.000067891872
 0.000439778836
 0.000361231076
 0.000053548274
 0.004195544317
 0.000076324564
 0.000018441555
 0.000135856517
 0.000095655558
 0.000123998242
 0.007558559174
 0.000022652480
 0.000064735587
 0.000073470695
 0.014435791786
 0.000864653298
 0.000123120783
 0.000059712714
 0.000081575050
 0.000139523587
 0.000073517808
 0.000047461945
 0.000104040306
 0.000052270757
 0.000038966075
 0.000595514446
 0.012856130542
 0.000125388081
 0.000038454776
 0.000326379652
 0.000229983990
 0.000174213316
 0.000046111603
 0.000019513193
 0.000377617626
 0.000145871633
 0.000137076885
 0.004333283702
 0.000191893204
 0.000054157631
 0.000200422736
 0.001333531774
 0.000336757472
 0.000164865527
 0.000171445307
 0.001602471917
 0.000035565552
 0.000128201033
 0.000129668283
 0.000036275739
 0.000856661506
 0.000270278693
 0.000100203647
 0.000120430778
 0.000196353360
 0.000395448935
 0.000562076993
 0.000070016132
 0.000391711213
 0.000183652127
 0.007561948943
 0.000607115365
 0.005585189275
 0.000190740699
 0.000169236659
 0.000426413284
 0.000525098512
 0.002115798863
 0.000069490283
 0.000245971022
 0.000065962090
 0.000919895366
 0.001227989585
 0.000184608630
 0.004632851234
 0.001160053310
 0.000090135172
 0.000099880533
 0.000917388334
 0.000147981797
 0.000950552900
 0.002500835739
 0.000083538337
 0.000319746869
 0.000091770136
 0.000606278567
 0.000081482960
 0.000196813172
 0.000963492340
 0.003633514775
 0.000110781723
 0.000076312329
 0.002537687825
 0.001131617376
 0.000123013757
 0.003427517649
 0.001153886469
 0.000216668484
 0.001048217240
 0.000342296915
 0.001335472319
 0.000636196735
 0.000091117573
 0.005206478184
 0.000151800246
 0.000793311974
 0.000252234522
 0.000934275199
 0.001387801214
 0.000208616433
 0.000274662003
 0.000022581927
 0.000188675530
 0.000156694324
 0.000766043638
 0.001425421006
 0.003890930558
 0.000467717522
 0.000157838786
 0.000081573168
 0.004510054292
 0.000103219230
 0.000081086607
 0.002595723213
 0.001097343610
 0.001116560492
 0.000039866542
 0.000041116408
 0.001139914442
 0.000937584344
 0.011656983417
 0.000050839911
 0.000012741464
 0.000042792985
 0.000019915607
 0.000327234862
 0.000091800945
 0.001107153769
 0.003618068044
 0.000837850611
 0.012267459282
 0.000040792523
 0.001714495031
 0.009427940853
 0.000186575972
 0.000517564373
 0.000058845303
 0.000934428796
 0.000058072231
 0.000077641641
 0.001104701079
 0.000063096187
 0.000029763019
 0.000248719943
 0.001711510462
 0.000064231585
 0.001940083367
 0.000064427187
 0.001405331355
 0.031793068337
 0.002404334551
 0.000393765197
 0.000841774370
 0.001395507916
 0.000532863955
 0.000575495840
 0.000221197296
 0.001879569416
 0.000324726190
 0.000589599561
 0.001294388944
 0.000598557548
 0.000477612976
 0.000401422802
 0.000635856771
 0.005556388342
 0.000799698113
 0.000098419085
 0.000944792519
 0.003437911170
 0.004211342256
 0.000214857290
 0.000984313131
 0.000414438960
 0.003025487229
 0.000692668912
 0.000380313719
 0.000498259748
 0.000987113172
 0.000664685547
 0.000844489579
 0.000100430527
 0.000948190181
 0.000112146749
 0.001119805038
 0.000662549709
 0.000101321694
 0.000379813483
 0.000424170250
 0.000881584828
 0.000032833432
 0.000081017966
 0.000345348540
 0.003271086598
 0.000088240337
 0.000144290827
 0.000449945477
 0.001161096795
 0.000042443430
 0.001773519233
 0.003853249628
 0.001410774900
 0.000635981862
 0.000277987848
 0.000488947493
 0.000498225218
 0.003794862978
 0.001856774197
 0.000949125804
 0.000054770915
 0.000172080428
 0.000071527091
 0.000616861508
 0.001637580362
 0.000705552977
 0.005246153724
 0.000850631104
 0.000225787089
 0.000227464703
 0.000777391154
 0.000083229422
 0.000360615756
 0.000912555346
 0.003369158052
 0.000712126267
 0.001131422891
 0.000380846670
 0.000647290005
 0.000092769065
 0.003420966725
 0.000087648600
 0.000494703928
 0.000137952277
 0.000115733925
 0.000061745462
 0.000398431780
 0.000159429790
 0.001233755574
 0.000128006736
 0.000553621498
 0.000102270149
 0.000104763889
 0.004223828617
 0.000706478916
 0.000985058682
 0.000079860161
 0.000336709490
 0.001093117225
 0.000010199321
 0.000214462115
 0.001540527388
 0.000242079869
 0.000122879879
 0.000047009884
 0.000023356114
 0.000229576965
 0.000479837743
 0.000141133316
 0.000387633229
 0.000160290572
 0.001365537837
 0.000233168535
 0.000196596312
 0.000415234661
 0.000143943258
 0.000406673239
 0.000753266249
 0.000054201174
 0.000785746764
 0.000217609779
 0.001661109823
 0.000112024112
 0.000118313203
 0.000319139679
 0.000741875328
 0.000096164494
 0.001729445857
 0.001108958160
 0.000350646468
 0.000171200774
 0.000261239564
 0.000103451346
 0.000048246658
 0.000241629590
 0.001038662694
 0.001658570320
 0.001626035144
 0.000956056603
 0.000217456969
 0.000167132608
 0.000703833027
 0.001049204409
 0.000944762388
 0.000034808541
 0.004757892702
 0.003367213326
 0.001590358557
 0.000893321343
 0.000423871706
 0.000086787549
 0.002880755312
 0.000571912363
 0.000392054393
 0.000103875698
 0.000612927305
 0.000291984247
 0.001086869345
 0.000195673243
 0.001321793678
 0.000571229519
 0.002126840044
 0.001709974288
 0.000082966292
 0.000593165764
 0.000080096727
 0.000168969316
 0.001842120882
 0.000265500052
 0.000842731758
 0.000720256891
 0.001855179203
 0.003586069531
 0.000036346045
 0.005817445215
 0.001638905564
 0.000949544362
 0.000560685868
 0.000094745310
 0.000282437529
 0.000683242336
 0.006795370156
 0.018434683894
 0.000299392419
 0.000041140170
 0.000539769083
 0.000031047210
 0.000099086569
 0.000105857953
 0.000196816667
 0.000334975636
 0.000220812864
 0.000361071021
 0.000271455011
 0.000204834806
 0.000260294750
 0.002962609259
 0.002024514399
 0.000039731690
 0.000476587454
 0.000556608682
 0.001040687469
 0.007034801794
 0.000848900806
 0.000085948138
 0.000067582084
 0.000102601796
 0.000141671149
 0.000489946576
 0.000279484598
 0.000341897037
 0.000243549654
 0.000068926339
 0.000116335470
 0.000428103086
 0.000504530094
 0.000049696025
 0.000909301292
 0.001675615685
 0.000047970952
 0.000599260351
 0.000659718510
 0.000362948653
 0.000981490236
 0.000769020126
 0.000254414459
 0.000609422559
 0.000166104276
 0.000779531019
 0.000439713180
 0.002275731864
 0.000138251677
 0.000032420661
 0.000654541598
 0.002697453421
 0.000166579627
 0.000202157395
 0.000644373051
 0.000334302362
 0.000799978859
 0.000294065779
 0.000519380547
 0.004434503770
 0.000670677574
 0.000117758093
 0.000050870313
 0.000160002883
 0.002634485968
 0.000614893253
 0.000299922038
 0.004226455524
 0.001503233642
 0.000180066749
 0.000145434417
 0.000611773747
 0.000442578735
 0.000411624412
 0.000275140745
 0.000116486980
 0.000215330276
 0.000266075756
 0.003540630401
 0.000461293230
 0.000207939419
 0.009354064588
 0.000894034386
 0.000130717835
 0.000531732174
 0.000198731365
 0.000116270695
 0.000344148309
 0.000036114426
 0.000337731181
 0.001100325203
 0.001177180191
 0.000113486158
 0.000105811794
 0.000314172552
 0.000269189320
 0.000104622898
 0.000865783323
 0.000094381362
 0.000172959654
 0.000136276091
 0.006301688887
 0.000053564564
 0.000031518550
 0.001176139160
 0.000281976093
 0.001555552468
 0.000453283206
 0.000076976533
 0.004192330043
 0.001176150266
 0.001342895032
 0.000057432430
 0.000072418191
 0.000055052801
 0.000077961809
 0.000021220457
 0.000319805423
 0.000523512278
 0.000981691459
 0.000148923961
 0.000243227783
 0.000038288624
 0.000048630205
 0.000403453985
 0.000573104361
 0.000007309187
 0.000228660242
 0.000216303145
 0.000118897022
 0.000195917056
 0.000433019291
 0.000334047257
 0.000125286316
 0.001488165512
 0.000224064467
 0.000041955968
 0.000122618494
 0.000031716375
 0.000010954895
 0.000170660290
 0.000935694569
 0.000030205535
 0.001303541127
 0.000428304917
 0.000363834651
 0.000289297484
 0.000123668003
 0.000040733921
 0.000014018041
 0.000218807118
 0.000336955349
 0.001591818293
 0.000085539859
 0.000002888397
 0.000022311727
 0.000007262980
 0.000091003909
 0.000105910500
 0.000144735624
 0.000601332763
 0.000145098629
 0.000870774341
 0.000215753312
 0.000274843241
 0.000072086843
 0.000693075036
 0.003859961057
 0.002044103549
 0.000251210003
 0.000063106454
 0.000364619060
 0.000031222711
 0.000701815271
 0.000083831888
 0.003575430088
 0.000805326393
 0.000534838126
 0.000097643317
 0.000087032726
 0.001202743701
 0.000084378872
 0.000285142040
 0.000651024183
 0.002174706251
 0.000438911935
 0.000064154704
 0.000098032680
 0.000036113952
 0.000205214029
 0.000036432900
 0.000177106488
 0.000332000451
 0.002601455270
 0.000300293827
 0.000262558591
 0.000830509673
 0.000512031332
 0.000503834662
 0.000414023917
 0.000281383982
 0.000127860443
 0.000077945285
 0.000740858023
 0.000576757757
 0.000596397120
 0.005472069006
 0.001095961965
 0.000293464213
 0.001853045935
 0.000880344154
 0.000405251397
 0.002751954224
 0.000192350886
 0.000277540985
 0.001219250969
 0.000506842534
 0.000275595645
 0.000340379912
 0.000132386159
 0.000360922687
 0.000039722481
 0.003862868844
 0.000045237621
 0.000199205556
 0.000110740165
 0.000156896429
 0.000020452262
 0.000330185305
 0.000069304922
 0.000470753096
 0.003949524329
 0.000080483065
 0.000741862771
 0.000080530802
 0.000220776932
 0.000914773382
 0.000449395857
 0.000345843326
 0.000310370269
 0.000040882986
 0.000444907643
 0.000161411184
 0.000730113439
 0.000419526967
 0.000093120437
 0.000893267087
 0.000195803858
 0.000155588442
 0.001742229917
 0.000104255610
 0.000100731326
 0.000316163159
 0.000066510539
 0.000050378144
 0.000358457148
 0.001049600505
 0.000699956051
 0.001018250939
 0.000372630153
 0.000559153070
 0.000259961572
 0.000382267952
 0.000146694169
 0.000096475331
 0.000264588601
 0.000640023017
 0.000266332199
 0.000142179823
 0.000312991108
 0.001065106537
 0.000217647117
 0.004018515363
 0.000099802531
 0.000033653032
 0.000148052514
 0.000989167267
 0.000405463007
 0.000458301024
 0.000063304707
 0.000047717413
 0.001838366358
 0.001075885316
 0.012727819785
 0.000934433875
 0.006023850762
 0.000153958815
 0.000014636250
 0.000180878310
 0.000027274945
 0.000512849078
 0.000145053929
 0.000091006521
 0.000032545360
 0.000482749588
 0.000212459414
 0.001059450779
 0.000075939418
 0.000223712978
 0.000138535671
 0.000480252407
 0.000258339595
 0.006032228217
 0.001493734735
 0.000714630838
 0.013581131591
 0.000471274119
 0.000271642307
 0.000120381400
 0.000198286613
 0.009742330752
 0.000644941675
 0.000117671895
 0.001675122355
 0.000144489388
 0.000213142548
 0.000045930768
 0.021322742528
 0.000153040461
 0.000090064093
 0.000794567420
 0.002652417929
 0.000289348526
 0.000042446892
 0.000205157099
 0.000523324671
 0.000086920840
 0.000060228354
 0.000116268646
 0.000054516188
 0.000706850927
 0.000519469389
 0.001903573520
 0.000089129058
 0.000472863969
 0.000555099837
 0.003512152244
 0.000458272995
 0.000087658567
 0.000130833830
 0.000077007457
 0.000392883654
 0.000253297369
 0.003288570062
 0.000071239215
 0.001136596316
 0.000116372623
 0.000602336450
 0.000275092333
 0.000052884620
 0.000052793035
 0.000110417394
 0.000119336974
 0.000097904663
 0.000357924020
 0.000582471697
 0.000502643466
 0.000044296450
 0.011083404883
 0.000964292290
 0.002198143763
 0.000125335804
 0.000248002913
 0.000246910538
 0.000102540825
 0.000067998748
 0.000119627166
 0.000907293650
 0.001550286836
 0.003253441735
 0.000186340575
 0.000922972914
 0.000330447773
 0.002283660410
 0.000289131950
 0.000099933444
 0.000286949608
 0.000058325716
 0.000055379813
 0.000243648825
 0.001967103334
 0.000596571208
 0.000148726623
 0.001741846415
 0.000159935195
 0.000128709241
 0.000166367363
 0.000473420650
 0.000135561726
 0.000365876024
 0.000396973134
 0.000236114274
 0.000047001901
 0.000054080214
 0.000977262939
 0.000298625349
 0.000287235363
 0.000681070789
 0.000313264764
 0.000145057447
 0.000508623761
 0.000953279687
 0.000508753758
 0.000251431687
 0.000033724728
 0.000228557633
 0.000093190151
 0.003041763035
