1.886546274056282169e-01
2.017614091273018384e-01
2.001304747501705117e-01
1.826349968863980044e-01
1.767932864810366766e-01
1.515582836639682018e-01
2.370192450256501382e-01
5.562968893633424977e-02
5.041069892951398172e-03
2.846425288378851004e-01
3.042137413634611320e-01
3.768792812027399464e-01
6.353230732734335695e-02
4.296325949648607256e-01
7.302138006701658357e-02
3.988524152655458233e-01
3.622601785131809304e-01
3.016042463600510093e-01
4.928387154167778589e-02
8.658778874951813045e-03
3.315170655042552483e-01
3.477967559232570949e-01
3.282255433976811188e-01
3.091287845090887609e-01
3.125685733772202712e-01
3.203674050351392188e-01
0.000000000000000000e+00
4.191723749369866137e-01
3.932849983690656082e-01
3.609924977018652004e-01
3.396124306852889574e-01
3.567224149690122470e-01
3.934332651306229889e-01
