0.037 0.030 0.020 0.018 0.007 0.005 0.018 0.012 0.010 0.012 0.011 0.010 0.003 0.005 0.006 0.006 0.005 0.003 0.002 0.002 0.001 0.002 0.005 0.004 0.003 0.005 0.006 0.006 0.005 0.008 0.005 0.009 0.006 0.006 0.008 0.010 0.012 0.004
0.030 0.060 0.032 0.030 0.014 0.020 0.045 0.030 0.019 0.019 0.020 0.017 0.007 0.012 0.013 0.008 0.007 0.004 0.003 0.003 0.002 0.004 0.008 0.005 0.004 0.006 0.007 0.006 0.008 0.010 0.006 0.019 0.009 0.006 0.012 0.014 0.018 0.009
0.020 0.032 0.057 0.036 0.028 0.025 0.022 0.014 0.009 0.007 0.006 0.009 0.003 0.006 0.009 0.004 0.002 0.001 0.002 0.001 0.001 0.002 0.005 0.001 0.002 0.003 0.004 0.003 0.005 0.007 0.012 0.016 0.008 0.013 0.019 0.018 0.022 0.014
0.018 0.030 0.036 0.082 0.053 0.027 0.034 0.033 0.027 0.018 0.018 0.017 0.006 0.008 0.012 0.006 0.008 0.008 0.007 0.006 0.005 0.006 0.010 0.004 0.004 0.005 0.006 0.008 0.012 0.015 0.021 0.013 0.008 0.015 0.019 0.014 0.023 0.015
0.007 0.014 0.028 0.053 0.083 0.046 0.028 0.036 0.030 0.017 0.015 0.018 0.010 0.005 0.011 0.005 0.006 0.007 0.005 0.005 0.006 0.004 0.014 0.009 0.008 0.011 0.010 0.007 0.011 0.015 0.021 0.018 0.008 0.014 0.017 0.016 0.022 0.014
0.005 0.020 0.025 0.027 0.046 0.079 0.039 0.037 0.027 0.022 0.013 0.019 0.009 0.012 0.019 0.010 0.003 0.005 0.003 0.002 0.004 0.004 0.016 0.010 0.008 0.012 0.010 0.002 0.005 0.008 0.014 0.026 0.010 0.015 0.023 0.021 0.025 0.017
0.018 0.045 0.022 0.034 0.028 0.039 0.072 0.051 0.032 0.025 0.026 0.024 0.010 0.014 0.017 0.011 0.009 0.005 0.004 0.003 0.004 0.007 0.012 0.006 0.005 0.008 0.009 0.007 0.011 0.014 0.009 0.021 0.009 0.006 0.014 0.016 0.023 0.013
0.012 0.030 0.014 0.033 0.036 0.037 0.051 0.101 0.062 0.045 0.043 0.048 0.016 0.019 0.040 0.023 0.012 0.012 0.008 0.008 0.009 0.009 0.018 0.008 0.009 0.015 0.015 0.010 0.016 0.019 0.014 0.031 0.020 0.020 0.027 0.022 0.028 0.014
0.010 0.019 0.009 0.027 0.030 0.027 0.032 0.062 0.119 0.079 0.060 0.070 0.041 0.026 0.047 0.033 0.017 0.012 0.008 0.009 0.009 0.010 0.019 0.007 0.007 0.012 0.014 0.008 0.020 0.024 0.015 0.029 0.020 0.018 0.018 0.016 0.021 0.008
0.012 0.019 0.007 0.018 0.017 0.022 0.025 0.045 0.079 0.131 0.087 0.090 0.047 0.036 0.055 0.041 0.018 0.014 0.006 0.009 0.014 0.011 0.021 0.011 0.011 0.016 0.017 0.011 0.019 0.027 0.010 0.030 0.021 0.019 0.018 0.014 0.021 0.006
0.011 0.020 0.006 0.018 0.015 0.013 0.026 0.043 0.060 0.087 0.156 0.102 0.056 0.042 0.074 0.030 0.016 0.036 0.023 0.009 0.017 0.016 0.045 0.030 0.032 0.039 0.043 0.018 0.030 0.049 0.038 0.046 0.035 0.033 0.035 0.034 0.035 0.006
0.010 0.017 0.009 0.017 0.018 0.019 0.024 0.048 0.070 0.090 0.102 0.183 0.078 0.049 0.099 0.069 0.030 0.028 0.017 0.013 0.028 0.021 0.048 0.023 0.025 0.037 0.046 0.015 0.027 0.051 0.035 0.063 0.045 0.039 0.038 0.033 0.038 0.010
0.003 0.007 0.003 0.006 0.010 0.009 0.010 0.016 0.041 0.047 0.056 0.078 0.101 0.054 0.053 0.036 0.021 0.014 0.008 0.008 0.011 0.013 0.020 0.009 0.012 0.014 0.018 0.007 0.016 0.020 0.015 0.021 0.013 0.012 0.012 0.012 0.018 0.007
0.005 0.012 0.006 0.008 0.005 0.012 0.014 0.019 0.026 0.036 0.042 0.049 0.054 0.095 0.069 0.028 0.027 0.021 0.009 0.009 0.011 0.014 0.021 0.012 0.016 0.019 0.023 0.010 0.019 0.019 0.019 0.030 0.017 0.016 0.022 0.017 0.023 0.012
0.006 0.013 0.009 0.012 0.011 0.019 0.017 0.040 0.047 0.055 0.074 0.099 0.053 0.069 0.182 0.075 0.041 0.054 0.036 0.020 0.029 0.023 0.061 0.033 0.040 0.049 0.058 0.016 0.031 0.054 0.049 0.082 0.060 0.054 0.062 0.047 0.054 0.018
0.006 0.008 0.004 0.006 0.005 0.010 0.011 0.023 0.033 0.041 0.030 0.069 0.036 0.028 0.075 0.117 0.043 0.032 0.020 0.017 0.020 0.018 0.033 0.015 0.015 0.023 0.022 0.012 0.011 0.025 0.014 0.036 0.025 0.022 0.024 0.020 0.026 0.009
0.005 0.007 0.002 0.008 0.006 0.003 0.009 0.012 0.017 0.018 0.016 0.030 0.021 0.027 0.041 0.043 0.078 0.037 0.021 0.019 0.022 0.014 0.027 0.011 0.011 0.015 0.020 0.009 0.007 0.015 0.014 0.022 0.013 0.008 0.014 0.012 0.021 0.008
0.003 0.004 0.001 0.008 0.007 0.005 0.005 0.012 0.012 0.014 0.036 0.028 0.014 0.021 0.054 0.032 0.037 0.098 0.047 0.023 0.026 0.019 0.049 0.030 0.034 0.035 0.041 0.012 0.015 0.029 0.034 0.033 0.028 0.027 0.033 0.030 0.031 0.008
0.002 0.003 0.002 0.007 0.005 0.003 0.004 0.008 0.008 0.006 0.023 0.017 0.008 0.009 0.036 0.020 0.021 0.047 0.066 0.024 0.018 0.017 0.036 0.022 0.025 0.025 0.023 0.005 0.006 0.020 0.022 0.023 0.020 0.020 0.024 0.022 0.024 0.007
0.002 0.003 0.001 0.006 0.005 0.002 0.003 0.008 0.009 0.009 0.009 0.013 0.008 0.009 0.020 0.017 0.019 0.023 0.024 0.052 0.030 0.020 0.023 0.013 0.011 0.012 0.012 0.005 0.005 0.010 0.006 0.007 0.004 0.005 0.007 0.006 0.011 0.006
0.001 0.002 0.001 0.005 0.006 0.004 0.004 0.009 0.009 0.014 0.017 0.028 0.011 0.011 0.029 0.020 0.022 0.026 0.018 0.030 0.073 0.036 0.041 0.022 0.022 0.019 0.021 0.006 0.007 0.016 0.009 0.012 0.005 0.004 0.006 0.008 0.015 0.006
0.002 0.004 0.002 0.006 0.004 0.004 0.007 0.009 0.010 0.011 0.016 0.021 0.013 0.014 0.023 0.018 0.014 0.019 0.017 0.020 0.036 0.069 0.047 0.025 0.023 0.019 0.016 0.006 0.006 0.011 0.008 0.009 0.006 0.006 0.010 0.008 0.015 0.007
0.005 0.008 0.005 0.010 0.014 0.016 0.012 0.018 0.019 0.021 0.045 0.048 0.020 0.021 0.061 0.033 0.027 0.049 0.036 0.023 0.041 0.047 0.145 0.071 0.060 0.066 0.067 0.014 0.017 0.042 0.041 0.055 0.036 0.036 0.042 0.040 0.043 0.011
0.004 0.005 0.001 0.004 0.009 0.010 0.006 0.008 0.007 0.011 0.030 0.023 0.009 0.012 0.033 0.015 0.011 0.030 0.022 0.013 0.022 0.025 0.071 0.084 0.062 0.053 0.044 0.012 0.012 0.027 0.030 0.037 0.026 0.026 0.028 0.029 0.026 0.005
0.003 0.004 0.002 0.004 0.008 0.008 0.005 0.009 0.007 0.011 0.032 0.025 0.012 0.016 0.040 0.015 0.011 0.034 0.025 0.011 0.022 0.023 0.060 0.062 0.088 0.063 0.052 0.014 0.018 0.032 0.035 0.040 0.029 0.030 0.032 0.033 0.031 0.006
0.005 0.006 0.003 0.005 0.011 0.012 0.008 0.015 0.012 0.016 0.039 0.037 0.014 0.019 0.049 0.023 0.015 0.035 0.025 0.012 0.019 0.019 0.066 0.053 0.063 0.109 0.069 0.024 0.028 0.049 0.043 0.054 0.037 0.038 0.039 0.040 0.037 0.008
0.006 0.007 0.004 0.006 0.010 0.010 0.009 0.015 0.014 0.017 0.043 0.046 0.018 0.023 0.058 0.022 0.020 0.041 0.023 0.012 0.021 0.016 0.067 0.044 0.052 0.069 0.122 0.036 0.038 0.056 0.059 0.067 0.048 0.048 0.049 0.045 0.044 0.012
0.006 0.006 0.003 0.008 0.007 0.002 0.007 0.010 0.008 0.011 0.018 0.015 0.007 0.010 0.016 0.012 0.009 0.012 0.005 0.005 0.006 0.006 0.014 0.012 0.014 0.024 0.036 0.058 0.039 0.031 0.026 0.026 0.018 0.019 0.018 0.014 0.015 0.005
0.005 0.008 0.005 0.012 0.011 0.005 0.011 0.016 0.020 0.019 0.030 0.027 0.016 0.019 0.031 0.011 0.007 0.015 0.006 0.005 0.007 0.006 0.017 0.012 0.018 0.028 0.038 0.039 0.083 0.059 0.041 0.042 0.029 0.029 0.023 0.017 0.023 0.007
0.008 0.010 0.007 0.015 0.015 0.008 0.014 0.019 0.024 0.027 0.049 0.051 0.020 0.019 0.054 0.025 0.015 0.029 0.020 0.010 0.016 0.011 0.042 0.027 0.032 0.049 0.056 0.031 0.059 0.122 0.070 0.070 0.051 0.048 0.043 0.034 0.044 0.011
0.005 0.006 0.012 0.021 0.021 0.014 0.009 0.014 0.015 0.010 0.038 0.035 0.015 0.019 0.049 0.014 0.014 0.034 0.022 0.006 0.009 0.008 0.041 0.030 0.035 0.043 0.059 0.026 0.041 0.070 0.121 0.080 0.060 0.067 0.066 0.048 0.052 0.020
0.009 0.019 0.016 0.013 0.018 0.026 0.021 0.031 0.029 0.030 0.046 0.063 0.021 0.030 0.082 0.036 0.022 0.033 0.023 0.007 0.012 0.009 0.055 0.037 0.040 0.054 0.067 0.026 0.042 0.070 0.080 0.156 0.093 0.073 0.081 0.062 0.062 0.019
0.006 0.009 0.008 0.008 0.008 0.010 0.009 0.020 0.020 0.021 0.035 0.045 0.013 0.017 0.060 0.025 0.013 0.028 0.020 0.004 0.005 0.006 0.036 0.026 0.029 0.037 0.048 0.018 0.029 0.051 0.060 0.093 0.108 0.081 0.068 0.048 0.046 0.011
0.006 0.006 0.013 0.015 0.014 0.015 0.006 0.020 0.018 0.019 0.033 0.039 0.012 0.016 0.054 0.022 0.008 0.027 0.020 0.005 0.004 0.006 0.036 0.026 0.030 0.038 0.048 0.019 0.029 0.048 0.067 0.073 0.081 0.118 0.088 0.059 0.061 0.024
0.008 0.012 0.019 0.019 0.017 0.023 0.014 0.027 0.018 0.018 0.035 0.038 0.012 0.022 0.062 0.024 0.014 0.033 0.024 0.007 0.006 0.010 0.042 0.028 0.032 0.039 0.049 0.018 0.023 0.043 0.066 0.081 0.068 0.088 0.138 0.084 0.084 0.040
0.010 0.014 0.018 0.014 0.016 0.021 0.016 0.022 0.016 0.014 0.034 0.033 0.012 0.017 0.047 0.020 0.012 0.030 0.022 0.006 0.008 0.008 0.040 0.029 0.033 0.040 0.045 0.014 0.017 0.034 0.048 0.062 0.048 0.059 0.084 0.119 0.088 0.039
0.012 0.018 0.022 0.023 0.022 0.025 0.023 0.028 0.021 0.021 0.035 0.038 0.018 0.023 0.054 0.026 0.021 0.031 0.024 0.011 0.015 0.015 0.043 0.026 0.031 0.037 0.044 0.015 0.023 0.044 0.052 0.062 0.046 0.061 0.084 0.088 0.167 0.072
0.004 0.009 0.014 0.015 0.014 0.017 0.013 0.014 0.008 0.006 0.006 0.010 0.007 0.012 0.018 0.009 0.008 0.008 0.007 0.006 0.006 0.007 0.011 0.005 0.006 0.008 0.012 0.005 0.007 0.011 0.020 0.019 0.011 0.024 0.040 0.039 0.072 0.075
