1.000000000000000000e+00 0.000000000000000000e+00 0.000000000000000000e+00
2.000000000000000000e+00 3.186585610261206264e-02 2.045387031167649264e-02
3.000000000000000000e+00 3.273431758968534978e-03 3.372917269992754732e-03
4.000000000000000000e+00 2.672189190994722369e-03 3.300945514902880757e-03
5.000000000000000000e+00 7.348520275235486841e-04 1.332241718523124530e-03
6.000000000000000000e+00 1.736922974146569518e-03 1.712760839906415705e-03
7.000000000000000000e+00 2.124390406840804407e-02 6.810943004529793933e-03
8.000000000000000000e+00 3.847952435032400004e-02 1.370228212987484664e-02
9.000000000000000000e+00 5.364419800921905318e-02 1.117560211112735187e-02
1.000000000000000000e+01 7.662502505177366807e-02 1.323196579263306166e-02
1.100000000000000000e+01 1.074220054779878447e-01 1.612148653979503243e-02
1.200000000000000000e+01 1.044157926381187734e-01 1.980925827025072777e-02
1.300000000000000000e+01 3.420402164473244910e-02 1.430722844084758236e-02
1.400000000000000000e+01 9.753490547130736626e-03 1.359959638321856087e-03
1.500000000000000000e+01 8.390674059723428335e-02 8.243079747362068443e-03
1.600000000000000000e+01 8.677934397755361629e-02 1.200757148912804523e-02
1.700000000000000000e+01 9.826975749883092026e-02 1.290527363956493062e-02
1.800000000000000000e+01 6.166076558220322246e-02 2.672892145441808226e-02
1.900000000000000000e+01 2.912686218184247500e-02 4.555815503055469194e-03
2.000000000000000000e+01 3.560692097000467404e-02 7.051723528214588581e-03
2.100000000000000000e+01 5.237490814349655965e-02 2.260352568699108486e-02
2.200000000000000000e+01 3.106419934531364987e-02 1.150961871711246760e-02
2.300000000000000000e+01 7.595697775402499019e-02 1.725471531648888751e-02
2.400000000000000000e+01 7.281715545460618055e-02 1.421451002349280110e-02
2.500000000000000000e+01 7.488810207762709725e-02 1.051488900407660659e-02
2.600000000000000000e+01 1.595964994321598107e-01 3.277979282189669857e-02
2.700000000000000000e+01 8.243703654218718924e-02 1.161778186439747437e-02
2.800000000000000000e+01 5.791970071481061105e-02 3.605661864393938393e-03
2.900000000000000000e+01 5.050437570980025048e-02 7.324091592320670398e-03
3.000000000000000000e+01 6.540183044959582692e-02 7.208062023273732223e-03
3.100000000000000000e+01 1.177767385930923866e-01 1.747780891513226603e-02
3.200000000000000000e+01 9.593159195671054074e-02 1.176608974493851233e-02
3.300000000000000000e+01 5.618277774066404023e-02 1.177897475227059933e-02
3.400000000000000000e+01 6.667112031531832739e-02 1.163747538449770406e-02
3.500000000000000000e+01 3.587413988910415075e-02 7.268038497527808985e-03
3.600000000000000000e+01 1.710201082236622455e-02 4.470773117230816135e-03
3.700000000000000000e+01 4.743135814015632563e-03 2.901217089211188555e-03
3.800000000000000000e+01 0.000000000000000000e+00 0.000000000000000000e+00
