1.000000000000000000e+00 0.000000000000000000e+00 0.000000000000000000e+00
2.000000000000000000e+00 3.413100851051211609e-02 1.582562183104314554e-02
3.000000000000000000e+00 2.372268184918304920e-03 1.013992170766366560e-03
4.000000000000000000e+00 2.965335231147881150e-03 1.646217566668882124e-03
5.000000000000000000e+00 1.037867330901758511e-03 5.691830010893958415e-04
6.000000000000000000e+00 1.957121252557601603e-03 8.357234729865467603e-04
7.000000000000000000e+00 6.443673457284346262e-02 1.812665709651591420e-02
8.000000000000000000e+00 3.893485158497168169e-02 1.293227946060746328e-02
9.000000000000000000e+00 9.174747205171544795e-02 1.975753354697340133e-02
1.000000000000000000e+01 8.356314681374729658e-02 1.379315091267788694e-02
1.100000000000000000e+01 1.278949085194081292e-01 1.670047451339330691e-02
1.200000000000000000e+01 1.000504106989295178e-01 1.484448747151871119e-02
1.300000000000000000e+01 4.032855914361118538e-02 1.354203344996138085e-02
1.400000000000000000e+01 1.073451353675533050e-02 3.056617681886410372e-03
1.500000000000000000e+01 7.947098419476321396e-02 1.549720658522382201e-02
1.600000000000000000e+01 7.508228805266435602e-02 1.368790351123747029e-02
1.700000000000000000e+01 1.272128814162440946e-01 3.517948813130956226e-02
1.800000000000000000e+01 4.053613260979153921e-02 8.138112822648528588e-03
1.900000000000000000e+01 2.479020253239628754e-02 5.025854599309373567e-03
2.000000000000000000e+01 3.475372890905317064e-02 7.403215917448273918e-03
2.100000000000000000e+01 4.608130949203807780e-02 1.293124082258690667e-02
2.200000000000000000e+01 3.338967470272514310e-02 6.726876572732192958e-03
2.300000000000000000e+01 1.098063636094060436e-01 2.159557432739339991e-02
2.400000000000000000e+01 6.633454912077810239e-02 1.443042244740869867e-02
2.500000000000000000e+01 7.528986151884470290e-02 1.469550122160653491e-02
2.600000000000000000e+01 1.441449455860984996e-01 2.292936498583306171e-02
2.700000000000000000e+01 7.048601844438513730e-02 2.117915524524883672e-02
2.800000000000000000e+01 5.097411262343207877e-02 1.118532728029925961e-02
2.900000000000000000e+01 5.067757910031728957e-02 1.149370248554224330e-02
3.000000000000000000e+01 5.551107552708833826e-02 1.199282093891361999e-02
3.100000000000000000e+01 1.188506360644070864e-01 1.335986825070055797e-02
3.200000000000000000e+01 9.788571598019156494e-02 1.379729437048948619e-02
3.300000000000000000e+01 5.367256768377665077e-02 7.833597634231685702e-03
3.400000000000000000e+01 6.746137650861429302e-02 1.235466375029049130e-02
3.500000000000000000e+01 4.216706698692287286e-02 6.955761295853998827e-03
3.600000000000000000e+01 2.078699997034664723e-02 3.314872055393065960e-03
3.700000000000000000e+01 7.413338077869703092e-03 2.336263060508859957e-03
3.800000000000000000e+01 0.000000000000000000e+00 0.000000000000000000e+00
