0.000000000000000000e+00
0.000000000000000000e+00
0.000000000000000000e+00
0.000000000000000000e+00
0.000000000000000000e+00
0.000000000000000000e+00
0.000000000000000000e+00
5.562968893633424977e-02
5.041069892951398172e-03
0.000000000000000000e+00
0.000000000000000000e+00
0.000000000000000000e+00
1.544939655428046073e-02
0.000000000000000000e+00
2.493846929395368214e-02
0.000000000000000000e+00
0.000000000000000000e+00
0.000000000000000000e+00
4.928387154167778589e-02
8.658778874951813045e-03
0.000000000000000000e+00
0.000000000000000000e+00
0.000000000000000000e+00
0.000000000000000000e+00
0.000000000000000000e+00
0.000000000000000000e+00
0.000000000000000000e+00
0.000000000000000000e+00
0.000000000000000000e+00
0.000000000000000000e+00
0.000000000000000000e+00
0.000000000000000000e+00
0.000000000000000000e+00
