1.000000000000000000e+00 3.410135515820063648e-03 1.171910893953930595e-03
2.000000000000000000e+00 3.261868754262669157e-04 9.757860099722017735e-05
3.000000000000000000e+00 4.448002846721821509e-03 9.294932605013631966e-04
4.000000000000000000e+00 1.026005989977166882e-02 2.739390451586311715e-03
5.000000000000000000e+00 3.558402277377457380e-03 1.120027196438061782e-03
6.000000000000000000e+00 5.396910120689143997e-03 1.461261519571976746e-03
7.000000000000000000e+00 4.892803131394004440e-03 1.285097455725349403e-03
8.000000000000000000e+00 6.790617679328647682e-03 2.632300935117533498e-03
9.000000000000000000e+00 7.354031373246745600e-03 1.508139869057048251e-03
1.000000000000000000e+01 1.577558342970672781e-02 3.266022605469353843e-03
1.100000000000000000e+01 9.726299558165051387e-03 1.275582192321505224e-03
1.200000000000000000e+01 1.224683450464074917e-02 2.342248369958554143e-03
1.300000000000000000e+01 7.680218248673012678e-03 2.295029450495482144e-03
1.400000000000000000e+01 6.968537793197521028e-03 1.110012944232891810e-03
1.500000000000000000e+01 5.545176882246537729e-03 1.774157016173296807e-03
1.600000000000000000e+01 5.634136939180974836e-03 1.309016734362559347e-03
1.700000000000000000e+01 3.588055629688936127e-03 1.235350531436614193e-03
1.800000000000000000e+01 7.887791714853363903e-03 1.376235182340886055e-03
1.900000000000000000e+01 4.299736085164427776e-03 8.102448767713122399e-04
2.000000000000000000e+01 2.668801708033093252e-03 6.419217240376954084e-04
2.100000000000000000e+01 6.583044213148296457e-03 1.008666269246698581e-03
2.200000000000000000e+01 6.553390860836817711e-03 1.548020832235971539e-03
2.300000000000000000e+01 3.439788868131542394e-03 7.423518464382151266e-04
2.400000000000000000e+01 3.321175458885626975e-03 9.100098542934100280e-04
2.500000000000000000e+01 3.261868754262669482e-03 1.337972659977386533e-03
2.600000000000000000e+01 3.291522106574148229e-03 9.777414918125883377e-04
2.700000000000000000e+01 2.431574889541262760e-02 1.833415734451382048e-02
2.800000000000000000e+01 5.218990006820270651e-03 1.296911842447482201e-03
2.900000000000000000e+01 8.540165465705898060e-03 1.500496900445528938e-03
3.000000000000000000e+01 6.464430803902381471e-03 1.266856261107347564e-03
3.100000000000000000e+01 2.247724105210094012e-02 1.452569826439861767e-02
3.200000000000000000e+01 2.609495003410135325e-03 4.840827495205976506e-04
3.300000000000000000e+01 6.790617679328647682e-03 1.514715121353306555e-03
3.400000000000000000e+01 5.011416540639919426e-03 1.292675335199833242e-03
3.500000000000000000e+01 3.078017969931500647e-02 1.240220758158106298e-02
3.600000000000000000e+01 6.197550633099071886e-03 1.223808143402883809e-03
3.700000000000000000e+01 8.273285294902588474e-03 1.956105471602696648e-03
3.800000000000000000e+01 8.095365181033715996e-03 1.551692521447703508e-03
