1.886546274056282169e-01
2.017614091273018384e-01
2.001304747501705117e-01
1.826349968863980044e-01
1.767932864810366766e-01
1.515582836639682018e-01
2.370192450256501382e-01
0.000000000000000000e+00
0.000000000000000000e+00
2.846425288378851004e-01
3.042137413634611320e-01
3.287963704296770762e-01
0.000000000000000000e+00
3.815496841917978554e-01
0.000000000000000000e+00
3.507695044924828975e-01
3.141772677401180047e-01
3.016042463600510093e-01
0.000000000000000000e+00
0.000000000000000000e+00
2.997953918690507980e-01
3.160750822880526445e-01
2.965038697624766684e-01
2.774071108738843106e-01
2.808468997420158209e-01
2.886457313999347685e-01
0.000000000000000000e+00
3.702221036088129691e-01
3.443347270408919636e-01
3.120422263736915558e-01
2.906621593571153128e-01
3.077721436408386024e-01
3.444829938024493443e-01
