1.000000000000000000e+00 1.636865047593630620e-02 3.289466817510679382e-03
2.000000000000000000e+00 2.117249355039587180e-02 3.777290972482421402e-03
3.000000000000000000e+00 2.339649497375678386e-02 4.169871059283758799e-03
4.000000000000000000e+00 4.222637369154583209e-02 5.329291908379702077e-03
5.000000000000000000e+00 4.308632090857871660e-02 7.226160338092086147e-03
6.000000000000000000e+00 4.676333659520208463e-02 7.288584806260434146e-03
7.000000000000000000e+00 3.143255345016754410e-02 4.863595923109086637e-03
8.000000000000000000e+00 4.981763188328440506e-02 7.721350934746963081e-03
9.000000000000000000e+00 5.207128665895679326e-02 4.775776729399106024e-03
1.000000000000000000e+01 6.707588292856507539e-02 8.297104304945483386e-03
1.100000000000000000e+01 1.049728671826350018e-01 1.690637844222963107e-02
1.200000000000000000e+01 1.147288200931115276e-01 1.130422621483017677e-02
1.300000000000000000e+01 5.144856626041573872e-02 7.605367642315514175e-03
1.400000000000000000e+01 4.815704415384159526e-02 1.068313791128508612e-02
1.500000000000000000e+01 1.349227530172285860e-01 1.833816824044462446e-02
1.600000000000000000e+01 6.419950775435162571e-02 7.202069839998996754e-03
1.700000000000000000e+01 4.296770749933279815e-02 3.331297590006561827e-03
1.800000000000000000e+01 6.731310974705689842e-02 1.197272593933581750e-02
1.900000000000000000e+01 2.280342792752720546e-02 2.427658248422947217e-03
2.000000000000000000e+01 2.200278741511728017e-02 2.765737652731441697e-03
2.100000000000000000e+01 3.294487441805295930e-02 3.822865699360118805e-03
2.200000000000000000e+01 2.888236515138036323e-02 3.499262901916332796e-03
2.300000000000000000e+01 1.008213978590279669e-01 8.195931426360186789e-03
2.400000000000000000e+01 4.456898852415265566e-02 6.837398472896044112e-03
2.500000000000000000e+01 3.546540936452866055e-02 4.432992060325676061e-03
2.600000000000000000e+01 7.122735225217211030e-02 1.370372556074117218e-02
2.700000000000000000e+01 6.781721673635204839e-02 7.465341002925329587e-03
2.800000000000000000e+01 2.381164190611748804e-02 2.587532322090231682e-03
2.900000000000000000e+01 3.507991578447943598e-02 5.377845071032505420e-03
3.000000000000000000e+01 5.699374314266227731e-02 5.992649485311289485e-03
3.100000000000000000e+01 5.734958337040002574e-02 2.254551429898804873e-02
3.200000000000000000e+01 9.812294279868338798e-02 1.342427944807688539e-02
3.300000000000000000e+01 5.930670462295762474e-02 1.164324725533396818e-02
3.400000000000000000e+01 6.606766894997478934e-02 1.409150242569806241e-02
3.500000000000000000e+01 8.403760045073095653e-02 2.127135470688829369e-02
3.600000000000000000e+01 5.236782018207158246e-02 6.490721517225404510e-03
3.700000000000000000e+01 1.246923464697684142e-01 1.137241686073098973e-02
3.800000000000000000e+01 0.000000000000000000e+00 0.000000000000000000e+00
