1.0000 0.0164 0.0033
2.0000 0.0212 0.0038
3.0000 0.0234 0.0042
4.0000 0.0422 0.0053
5.0000 0.0431 0.0072
6.0000 0.0468 0.0073
7.0000 0.0314 0.0049
8.0000 0.0498 0.0077
9.0000 0.0521 0.0048
10.0000 0.0671 0.0083
11.0000 0.1050 0.0169
12.0000 0.1147 0.0113
13.0000 0.0514 0.0076
14.0000 0.0482 0.0107
15.0000 0.1349 0.0183
16.0000 0.0642 0.0072
17.0000 0.0430 0.0033
18.0000 0.0673 0.0120
19.0000 0.0228 0.0024
20.0000 0.0220 0.0028
21.0000 0.0329 0.0038
22.0000 0.0289 0.0035
23.0000 0.1008 0.0082
24.0000 0.0446 0.0068
25.0000 0.0355 0.0044
26.0000 0.0712 0.0137
27.0000 0.0678 0.0075
28.0000 0.0238 0.0026
29.0000 0.0351 0.0054
30.0000 0.0570 0.0060
31.0000 0.0573 0.0225
32.0000 0.0981 0.0134
33.0000 0.0593 0.0116
34.0000 0.0661 0.0141
35.0000 0.0840 0.0213
36.0000 0.0524 0.0065
37.0000 0.1247 0.0114
38.0000 0.0000 0.0000
