1.000000000000000000e+00 0.000000000000000000e+00 0.000000000000000000e+00
2.000000000000000000e+00 2.132878319291884271e-04 1.827474909515912609e-04
3.000000000000000000e+00 2.132878319291884271e-04 1.827474909515912609e-04
4.000000000000000000e+00 1.058974085528420622e-01 1.601079295116309906e-02
5.000000000000000000e+00 1.534072731150687985e-01 1.641715232458328122e-02
6.000000000000000000e+00 1.658846112829263086e-01 1.753705578222390649e-02
7.000000000000000000e+00 1.536738829049802690e-01 1.822651974443701556e-02
8.000000000000000000e+00 1.775621200810493794e-01 3.021308050454163049e-02
9.000000000000000000e+00 1.961714834168710730e-01 3.265922715337298693e-02
1.000000000000000000e+01 1.847605844086594729e-01 3.364357801482355248e-02
1.100000000000000000e+01 1.780420177028900486e-01 3.759931430628543625e-02
1.200000000000000000e+01 2.728484589954143225e-01 4.046682498424037516e-02
1.300000000000000000e+01 2.727951370374320228e-01 4.121210516952230479e-02
1.400000000000000000e+01 3.091073904233763714e-01 3.831617139514275489e-02
1.500000000000000000e+01 2.498133731470619512e-01 3.781304035904092808e-02
1.600000000000000000e+01 2.059294017276314392e-01 3.552202670169495036e-02
1.700000000000000000e+01 2.121147488535778947e-01 3.330283060787606747e-02
1.800000000000000000e+01 2.123813586434893930e-01 2.874884632895329667e-02
1.900000000000000000e+01 2.783406206675909100e-01 3.311582617088886654e-02
2.000000000000000000e+01 2.780206889196971121e-01 3.431579024522436044e-02
2.100000000000000000e+01 2.137677295510291009e-01 2.944894108285282114e-02
2.200000000000000000e+01 1.814546230137570604e-01 2.748060040689799532e-02
2.300000000000000000e+01 1.188013223845579558e-01 2.299639742498309561e-02
2.400000000000000000e+01 1.070171696704702996e-01 2.690814444208872516e-02
2.500000000000000000e+01 1.250933134264690105e-01 2.563491094638868650e-02
2.600000000000000000e+01 1.213074544097259289e-01 2.614246742800794415e-02
2.700000000000000000e+01 1.512743947957768953e-01 2.734950337167748810e-02
2.800000000000000000e+01 1.899328143329423180e-01 2.237025645640630320e-02
2.900000000000000000e+01 2.418150794497173905e-01 1.771540645885386067e-02
3.000000000000000000e+01 2.025167964167644274e-01 1.597955147640664486e-02
3.100000000000000000e+01 1.915324730724112245e-01 1.605960909153590285e-02
3.200000000000000000e+01 1.540471366108563389e-01 1.246684854617161400e-02
3.300000000000000000e+01 1.188546443425402555e-01 8.265162932554430755e-03
3.400000000000000000e+01 1.298922896448757580e-01 9.600373661665599634e-03
3.500000000000000000e+01 1.079236429561693522e-01 9.245755980349140007e-03
3.600000000000000000e+01 8.136930788098538370e-02 7.579119017386394021e-03
3.700000000000000000e+01 0.000000000000000000e+00 0.000000000000000000e+00
3.800000000000000000e+01 0.000000000000000000e+00 0.000000000000000000e+00
