2.790083918987041334e-01
2.982534175488538719e-01
3.367731222014648806e-01
2.852059425318032027e-01
2.704978797853097028e-01
2.583993120422263812e-01
3.604068439937134771e-01
3.443940337455149159e-01
3.756190137295021270e-01
4.012988168312427995e-01
4.256442190789668789e-01
4.401447083592799903e-01
4.317528096551315198e-01
4.362304658541648061e-01
4.346588381816564595e-01
4.307742490288526960e-01
4.439996441597722776e-01
4.251994187942946812e-01
3.887851021557987008e-01
4.051834059840465074e-01
4.017436171159149416e-01
3.895264359635856599e-01
3.714675444058950782e-01
3.607923375737627225e-01
3.627494588263203146e-01
3.732467455445838134e-01
3.779319752097974883e-01
4.327313702814102880e-01
4.156510393499985301e-01
3.939151321056845734e-01
3.830323518073718292e-01
3.936482519348812326e-01
4.155917326453755778e-01
