0.6400 13.9052 13.3467 14.4637
1.2800 13.5168 13.1779 13.8558
1.9200 12.0454 11.2942 12.7966
2.5601 11.8866 10.9852 12.7879
3.2001 11.7017 10.9281 12.4752
3.8401 11.4783 10.8698 12.0869
4.4801 11.2377 10.8416 11.6339
5.1201 10.9473 10.3542 11.5405
5.7601 10.6714 10.1038 11.2389
6.4002 10.1923 9.5082 10.8764
7.0402 9.3551 8.4332 10.2770
7.6802 8.9114 7.7183 10.1046
8.3202 8.4639 6.7887 10.1391
8.9602 8.3414 6.6662 10.0166
9.6002 8.2721 6.5969 9.9473
10.2402 8.0576 6.0291 10.0861
10.8803 7.9610 5.9325 9.9896
11.5203 7.8456 5.8171 9.8742
12.1603 7.5807 5.5521 9.6092
12.8003 7.4905 5.4619 9.5190
13.4403 7.2584 4.6934 9.8234
14.0803 7.0307 4.4657 9.5957
14.7203 6.8132 4.2482 9.3782
15.3604 6.6568 4.0918 9.2218
16.0004 6.4949 3.9299 9.0600
16.6404 6.3083 3.7433 8.8733
17.2804 6.1408 3.5758 8.7058
17.9204 6.0038 3.4388 8.5688
18.5604 5.8869 3.3219 8.4519
19.2005 5.7338 3.1688 8.2988
19.8405 5.5952 3.2800 7.9103
20.4805 5.4927 3.1776 7.8078
21.1205 5.3655 3.0503 7.6806
21.7605 5.2469 2.9318 7.5620
22.4005 5.1291 2.8140 7.4443
23.0405 5.0308 2.7157 7.3459
23.6806 4.9408 2.6257 7.2560
24.3206 4.8714 2.5563 7.1866
24.9606 4.7950 2.4798 7.1101
25.6006 4.7253 2.4102 7.0404
26.2406 4.6579 1.9060 7.4097
26.8806 4.5983 1.8465 7.3502
27.5207 4.5591 1.8073 7.3110
28.1607 4.4948 1.7429 7.2466
28.8007 4.4479 1.6960 7.1998
29.4407 4.3852 1.6333 7.1371
30.0807 4.3493 1.5975 7.1012
30.7207 4.2950 1.5432 7.0469
31.3607 4.2373 1.4854 6.9891
32.0008 4.1871 1.4353 6.9390
32.6408 4.1411 1.3892 6.8929
33.2808 4.1039 1.3520 6.8557
33.9208 4.0563 1.3044 6.8081
34.5608 3.9979 1.2460 6.7498
35.2008 3.9702 1.2183 6.7220
35.8408 3.9404 1.1886 6.6923
36.4809 3.9096 1.1578 6.6615
37.1209 3.8763 1.1244 6.6281
37.7609 3.8397 1.0878 6.5916
38.4009 3.8465 1.0946 6.5983
39.0409 3.8662 1.1143 6.6181
39.6809 3.9279 2.1622 5.6936
40.3210 3.9756 2.2099 5.7413
40.9610 3.9967 2.2310 5.7624
41.6010 4.0155 2.2498 5.7812
42.2410 4.0369 2.2712 5.8026
42.8810 4.0732 2.3075 5.8389
43.5210 4.0886 2.3229 5.8543
44.1610 4.1148 2.3491 5.8805
44.8011 4.1365 2.3708 5.9022
45.4411 4.1228 2.3571 5.8885
46.0811 4.1317 2.3660 5.8974
46.7211 4.1253 2.3596 5.8910
47.3611 4.1299 2.3642 5.8956
48.0011 4.1240 2.3583 5.8897
48.6412 4.1385 2.3727 5.9042
49.2812 4.1631 2.3974 5.9288
49.9212 4.1389 2.3732 5.9046
50.5612 4.1115 2.3458 5.8772
51.2012 4.0751 2.3094 5.8408
51.8412 4.0413 2.2756 5.8070
52.4812 4.0057 2.7516 5.2598
53.1213 3.9718 2.7176 5.2259
53.7613 3.9410 3.2887 4.5934
54.4013 3.9065 3.2541 4.5588
55.0413 3.8707 3.2184 4.5231
55.6813 3.8408 3.1885 4.4932
56.3213 3.8189 3.1666 4.4712
56.9613 3.7928 3.1405 4.4451
57.6014 3.7707 3.1183 4.4230
58.2414 3.7572 3.1049 4.4096
58.8814 3.7379 3.0855 4.3902
59.5214 3.7140 3.0617 4.3664
60.1614 3.6957 3.0434 4.3480
60.8014 3.6720 3.0196 4.3243
61.4415 3.6465 2.9941 4.2988
62.0815 3.6358 2.9834 4.2881
62.7215 3.6336 2.9813 4.2860
63.3615 3.6200 2.9677 4.2724
64.0015 3.6053 2.9530 4.2576
64.6415 3.5859 2.9335 4.2382
65.2815 3.5680 2.9157 4.2204
65.9216 3.5564 2.9041 4.2087
66.5616 3.5433 2.8910 4.1956
67.2016 3.5214 2.8691 4.1738
67.8416 3.5028 2.8504 4.1551
68.4816 3.4822 2.8299 4.1345
69.1216 3.4608 2.8084 4.1131
69.7617 3.4379 2.7855 4.0902
70.4017 3.4269 2.7746 4.0792
71.0417 3.4365 2.7841 4.0888
71.6817 3.4411 2.7888 4.0935
72.3217 3.4193 2.7670 4.0717
72.9617 3.4045 2.7522 4.0569
73.6017 3.3920 2.7396 4.0443
74.2418 3.3934 2.7410 4.0457
74.8818 3.3842 2.7319 4.0366
75.5218 3.3776 2.7253 4.0299
76.1618 3.3601 2.7077 4.0124
76.8018 3.3494 2.6971 4.0017
77.4418 3.3328 2.6804 3.9851
78.0818 3.3184 2.6661 3.9707
78.7219 3.3037 2.5065 4.1009
79.3619 3.2877 2.4905 4.0848
80.0019 3.2681 2.4709 4.0652
80.6419 3.2482 2.4510 4.0453
81.2819 3.2391 2.4419 4.0362
81.9219 3.2354 2.4382 4.0326
82.5620 3.2418 2.4447 4.0390
83.2020 3.2410 2.4438 4.0381
83.8420 3.2265 2.4294 4.0237
84.4820 3.2109 2.4137 4.0080
85.1220 3.1955 2.3983 3.9926
85.7620 3.1799 2.3827 3.9771
86.4020 3.1663 2.3691 3.9634
87.0421 3.1526 2.3554 3.9497
87.6821 3.1354 2.3383 3.9326
88.3221 3.1223 2.3251 3.9194
88.9621 3.1073 2.3102 3.9045
89.6021 3.0891 2.2919 3.8862
90.2421 3.0701 2.2730 3.8673
90.8822 3.0602 2.2630 3.8573
91.5222 3.0454 2.2483 3.8426
92.1622 3.0282 2.2310 3.8253
92.8022 3.0114 2.2142 3.8086
93.4422 3.0002 2.2031 3.7974
94.0822 2.9941 2.1969 3.7913
94.7222 2.9787 2.1816 3.7759
95.3623 2.9656 2.1684 3.7627
96.0023 2.9532 2.1561 3.7504
96.6423 2.9406 2.1435 3.7378
97.2823 2.9342 2.1370 3.7313
97.9223 2.9237 2.1266 3.7209
98.5623 2.9126 2.1154 3.7098
99.2023 2.9022 2.1050 3.6994
99.8424 2.8924 2.0952 3.6895
100.4824 2.8800 2.0828 3.6771
101.1224 2.8687 2.0716 3.6659
101.7624 2.8591 2.0619 3.6563
102.4024 2.8506 2.0535 3.6478
103.0424 2.8439 2.0468 3.6411
103.6825 2.8396 2.0425 3.6368
104.3225 2.8293 2.0321 3.6264
104.9625 2.8178 2.0735 3.5622
105.6025 2.8037 2.0593 3.5481
106.2425 2.7992 2.0548 3.5436
106.8825 2.7927 2.0483 3.5371
107.5225 2.7822 2.0378 3.5266
108.1626 2.7741 2.0297 3.5185
108.8026 2.7664 2.0220 3.5108
109.4426 2.7565 2.0121 3.5009
110.0826 2.7472 2.0028 3.4915
110.7226 2.7392 1.9948 3.4836
111.3626 2.7302 1.9858 3.4746
112.0027 2.7195 1.9751 3.4639
112.6427 2.7116 1.9672 3.4560
113.2827 2.7021 1.9577 3.4465
113.9227 2.6932 1.9488 3.4376
114.5627 2.6874 1.9430 3.4318
115.2027 2.6777 1.9333 3.4221
115.8427 2.6681 1.9237 3.4125
116.4828 2.6579 1.9135 3.4023
117.1228 2.6476 1.9032 3.3920
117.7628 2.6380 1.8936 3.3824
118.4028 2.6300 1.8856 3.3744
119.0428 2.6218 1.8774 3.3662
119.6828 2.6148 1.8704 3.3592
