 0.000214776863
 0.000612483047
 0.000099874850
 0.000074978511
 0.000854239823
 0.000510806053
 0.000331489962
 0.001629308690
 0.000112749517
 0.003968109120
 0.000564820754
 0.000051486433
 0.000153905731
 0.000100176828
 0.000645719863
 0.000030411086
 0.000452216911
 0.000553600695
 0.004342575677
 0.000341335731
 0.010072091034
 0.002666851938
 0.000202857823
 0.000245983868
 0.000619057786
 0.006407801650
 0.000285932271
 0.000053991624
 0.001237897302
 0.000158245543
 0.000137512990
 0.002266790323
 0.000295394707
 0.000134972585
 0.000087541453
 0.002180306097
 0.000693104151
 0.002874824348
 0.000173408530
 0.000595105693
 0.000002488028
 0.000237532158
 0.000221177185
 0.000108127528
 0.001994221094
 0.001294994392
 0.000003412045
 0.000004337027
 0.000163915048
 0.000098391884
 0.000127743736
 0.000045440549
 0.000144357898
 0.000089677216
 0.000012587301
 0.000118655400
 0.003115887117
 0.003377912419
 0.000158890900
 0.000343915380
 0.000481411359
 0.000152869969
 0.002242333738
 0.000428781732
 0.000359410954
 0.000432301771
 0.003676942966
 0.002247457756
 0.002173887463
 0.000179417046
 0.000533716705
 0.000021340916
 0.001323236783
 0.000336963286
 0.007986845769
 0.000305422761
 0.000007156362
 0.000337618725
 0.002014966894
 0.000817271776
 0.002216511331
 0.000461340067
 0.000329158346
 0.000466966976
 0.001168410597
 0.014606777086
 0.000879255203
 0.001854234163
 0.000126033033
 0.000042584654
 0.004516596543
 0.007414341458
 0.000113521337
 0.009766023555
 0.000277614505
 0.000641463837
 0.000051088566
 0.000074604596
 0.000091059274
 0.000406190530
 0.000185294877
 0.000425922110
 0.000042142770
 0.000029716895
 0.020141348638
 0.000344300063
 0.003929017983
 0.000510037725
 0.000045317269
 0.000273418326
 0.000145223988
 0.000188255261
 0.000097620611
 0.000285677029
 0.000224559343
 0.000051227745
 0.000105638143
 0.000075309176
 0.000158917703
 0.000024794675
 0.000283953070
 0.001471823670
 0.000290410452
 0.002086423381
 0.000320520067
 0.000245745179
 0.000113809079
 0.000241835052
 0.000611844228
 0.000060653405
 0.002079015251
 0.000796553666
 0.008536025892
 0.000328615671
 0.000100223586
 0.017594292324
 0.000193517342
 0.000111820338
 0.000163344060
 0.000498013453
 0.000109386743
 0.003709618014
 0.000163512084
 0.000018253088
 0.002117773234
 0.000685539844
 0.000232656751
 0.002127058052
 0.000498693116
 0.001517983382
 0.000082741327
 0.000205020108
 0.001798402534
 0.001590411768
 0.000283231363
 0.000251764892
 0.000365106056
 0.000200993834
 0.000171661166
 0.000182056178
 0.000199758793
 0.001400142248
 0.000112626153
 0.000030185883
 0.000639138613
 0.005336071829
 0.001117125423
 0.000135585996
 0.000031045362
 0.000867497281
 0.000725280064
 0.001205034255
 0.000653739278
 0.000957887985
 0.000111134331
 0.000148223179
 0.000064749791
 0.002359840969
 0.000087511600
 0.000242925766
 0.000043526817
 0.000346811201
 0.000394875865
 0.007243131006
 0.000214543462
 0.000152137161
 0.000154790411
 0.000058040301
 0.000068820997
 0.000097460528
 0.000043267861
 0.001067616494
 0.000756569443
 0.000071297053
 0.004123484009
 0.000241446120
 0.000133799488
 0.000278317493
 0.004669830846
 0.000550876815
 0.000061333831
 0.000270690751
 0.000630590097
 0.000091628387
 0.000375842171
 0.001216930761
 0.000084767766
 0.003416497410
 0.033630535016
 0.003354767712
 0.000156769619
 0.000686905853
 0.000056112008
 0.000113401276
 0.001532659453
 0.001964448708
 0.000240652588
 0.000348387860
 0.000460337908
 0.000389488037
 0.000179669835
 0.000073444461
 0.000137143104
 0.000099389329
 0.000309461168
 0.002852935678
 0.000060598569
 0.000764712261
 0.000119812024
 0.000322662044
 0.002480525121
 0.000325744322
 0.000280713939
 0.000156031788
 0.000098302394
 0.000367771944
 0.000413077926
 0.000084102038
 0.000128376370
 0.000104571802
 0.000027994982
 0.000059565309
 0.020011378324
 0.000042266206
 0.000055836252
 0.000198682917
 0.000044011987
 0.000101065453
 0.001081023993
 0.000024417422
 0.000031223421
 0.000059526992
 0.008494315394
 0.000184165063
 0.000116813108
 0.000045859833
 0.000039513033
 0.000211324820
 0.000122894958
 0.000057901286
 0.000367953757
 0.000086286860
 0.000227234034
 0.000209046738
 0.000551852948
 0.000131823829
 0.000110726029
 0.000104616884
 0.000109494941
 0.000027924270
 0.000107590865
 0.000078945471
 0.000199339125
 0.000066284033
 0.000015223900
 0.000933953490
 0.000818164715
 0.000021506821
 0.000371012455
 0.000094423317
 0.000159568866
 0.000328173981
 0.002229629715
 0.002438135881
 0.000103973919
 0.000795700219
 0.000046879221
 0.000324414174
 0.000600615216
 0.000162592547
 0.000354222457
 0.000081567015
 0.000320220643
 0.001128578849
 0.001703058027
 0.000211623620
 0.000898051110
 0.000434904087
 0.002878619355
 0.000066529496
 0.004149745462
 0.000072523588
 0.000340934424
 0.000214120031
 0.000817947817
 0.000758894227
 0.000025487224
 0.000181901227
 0.000022689862
 0.003365564210
 0.001860660418
 0.000065604971
 0.002428897428
 0.000424832155
 0.000017446628
 0.000030504534
 0.000193793343
 0.000350392615
 0.000254344751
 0.004181590117
 0.000139268749
 0.000190089175
 0.000046749824
 0.000213906678
 0.000291555237
 0.000020116170
 0.000322267218
 0.001461098706
 0.000043077527
 0.000060458945
 0.000803914189
 0.000415153590
 0.000285611229
 0.002202016941
 0.002995221975
 0.000303650348
 0.000034644081
 0.001087770504
 0.000271478176
 0.000209540237
 0.000078076727
 0.005096208328
 0.000891768455
 0.000501433235
 0.003936123733
 0.003359507884
 0.000176707826
 0.000165036453
 0.000310168708
 0.000247226511
 0.001190758132
 0.000149197872
 0.000632613255
 0.001519905578
 0.001613156431
 0.000834159492
 0.000112530977
 0.000022195779
 0.001275494126
 0.000078483688
 0.000138521003
 0.001230331831
 0.000689596186
 0.004797838692
 0.000021672467
 0.000066969615
 0.000138934681
 0.001036525716
 0.008603316533
 0.000448853038
 0.000150147227
 0.000034551593
 0.000061197721
 0.000106441567
 0.000053867715
 0.001552203970
 0.001213626128
 0.002909608853
 0.005891855954
 0.000029273631
 0.000399730683
 0.000707427858
 0.001544587671
 0.000226314894
 0.000300661381
 0.000117781839
 0.000054383346
 0.000014705959
 0.000162147097
 0.000016403262
 0.000120874841
 0.001033519339
 0.000230079715
 0.000175036321
 0.000430530765
 0.000063246770
 0.000465394678
 0.001679226978
 0.001609995078
 0.000095850648
 0.000163188547
 0.000511062540
 0.000648001970
 0.000211368593
 0.000347542423
 0.001084067937
 0.001842308731
 0.000663765781
 0.000430412659
 0.000406998996
 0.000149527255
 0.000065310955
 0.000398194945
 0.003598224036
 0.000230744429
 0.000056758636
 0.001414227364
 0.000450743974
 0.000522095915
 0.000114081237
 0.001320843721
 0.002271077228
 0.001032081513
 0.001066567671
 0.000699075685
 0.000266596756
 0.000744096039
 0.002371939843
 0.000390252720
 0.000072645392
 0.000513489749
 0.000420504475
 0.000691510743
 0.000135163180
 0.000197627883
 0.000437854282
 0.000151690269
 0.000136401445
 0.000150606606
 0.000145578416
 0.000156399599
 0.001962027313
 0.000143184904
 0.001525941354
 0.000223396571
 0.000228417926
 0.000117323551
 0.000614288574
 0.007422910741
 0.006428420291
 0.003741875594
 0.000574977943
 0.000672820418
 0.001648536979
 0.004898049543
 0.000808961484
 0.000931343461
 0.000056536735
 0.000024140380
 0.001354372175
 0.000270354497
 0.000210058248
 0.000312088510
 0.002043794958
 0.000335348244
 0.000214318565
 0.000575201016
 0.000441460400
 0.000046268036
 0.000322041976
 0.004049881239
 0.003035924322
 0.001127660522
 0.006301345506
 0.000231613950
 0.000625419958
 0.000320779471
 0.002975412615
 0.000053518143
 0.000103226223
 0.001266821867
 0.000040155853
 0.000096525157
 0.001483272859
 0.000349804341
 0.016321315788
 0.000017561597
 0.000195680920
 0.001236838388
 0.000063861985
 0.001284913884
 0.001694181619
 0.000414693220
 0.000261656449
 0.000051576147
 0.000212742152
 0.000164833873
 0.000997479642
 0.001683815202
 0.000009253139
 0.000134151989
 0.000096982618
 0.000186966418
 0.000012386377
 0.000249040818
 0.000041293987
 0.000092583372
 0.001328411238
 0.000426664153
 0.000065306279
 0.000255622614
 0.000149826126
 0.000073598027
 0.000474298780
 0.001330312737
 0.000023468475
 0.000360982626
 0.000105191441
 0.008422055278
 0.000014333583
 0.000046190549
 0.000556645205
 0.000018532037
 0.000105830797
 0.000830017795
 0.000455022174
 0.000153254204
 0.000027892406
 0.000329876714
 0.000365287849
 0.000034974708
 0.000462498056
 0.000162536059
 0.004000641139
 0.000157844853
 0.000185015756
 0.000083670678
 0.000042019492
 0.000115759411
 0.000854050502
 0.003436859345
 0.000143951907
 0.000593863431
 0.002856863274
 0.000597384302
 0.000576702805
 0.000710221818
 0.000068903571
 0.000162867231
 0.000227090191
 0.001271705231
 0.000084683867
 0.000289948050
 0.004102838405
 0.001470494002
 0.000417767032
 0.000843965901
 0.000982604796
 0.001464294788
 0.003781477659
 0.000033339115
 0.000581370875
 0.000009863411
 0.000127806411
 0.002502971710
 0.000028008422
 0.000677769318
 0.005173768688
 0.002385413504
 0.001084334485
 0.000289313669
 0.009570965639
 0.001047619776
 0.002283849942
 0.000435707609
 0.000268200859
 0.000022566952
 0.000512625377
 0.000380851655
 0.003415655862
 0.000794334067
 0.000141289027
 0.000510813071
 0.000273086319
 0.000193848978
 0.000110618413
 0.000189379556
 0.000431800758
 0.000527711684
 0.002017772481
 0.000146839382
 0.000819368506
 0.000191782723
 0.001072109905
 0.003036141671
 0.000282689522
 0.000995578102
 0.000535491468
 0.002204941739
 0.008132259573
 0.000361305740
 0.000249055770
 0.000065191883
 0.000286692413
 0.000186553585
 0.001659205701
 0.000804751218
 0.000216258417
 0.000178574561
 0.000140047611
 0.000182022084
 0.005680258382
 0.000446304263
 0.000042955226
 0.000854459129
 0.000898264941
 0.000165704168
 0.001091475289
 0.000261611296
 0.000159355496
 0.000483307963
 0.002191004868
 0.000339722972
 0.001170349707
 0.000598400153
 0.001316765745
 0.000466495045
 0.000444210124
 0.000760671910
 0.000315287596
 0.000021691137
 0.005891494710
 0.000176256664
 0.000966939820
 0.000504603555
 0.001202933722
 0.000388140161
 0.001859152301
 0.000385895677
 0.006731008739
 0.000054400128
 0.000148096338
 0.000042772782
 0.000244999608
 0.001927376678
 0.000068026894
 0.000596747174
 0.002743253099
 0.002171626754
 0.000096031976
 0.000036796775
 0.000189777288
 0.004179525391
 0.000272314013
 0.000788257183
 0.000188595901
 0.000170717688
 0.000267034687
 0.005339976617
 0.001208422031
 0.000385353305
 0.001727013791
 0.001090060042
 0.000104323735
 0.000467671481
 0.000281604563
 0.001005830377
 0.000284606500
 0.000116518058
 0.000380053751
 0.003652054184
 0.000429699390
 0.001162920568
 0.000037344768
 0.000275060372
 0.000393401730
 0.000114850193
 0.001342961104
 0.000068309225
 0.000297012754
 0.000018229947
 0.000488407599
 0.000130494341
 0.000038062489
 0.000510864312
 0.000443099381
 0.000280984741
 0.000292797404
 0.000119883594
 0.001515782177
 0.005063164456
 0.002091390389
 0.000114780310
 0.000051397301
 0.000037042247
 0.000189779152
 0.000251500423
 0.000122656257
 0.000434066824
 0.000415656342
 0.000209202082
 0.000235107193
 0.000019976012
 0.000070790908
 0.001779062442
 0.001316930243
 0.000027035924
 0.001856970045
 0.000920451276
 0.000158279558
 0.000865849550
 0.000078870725
 0.000238249125
 0.000200532546
 0.000265837779
 0.000047657687
 0.000107224209
 0.000126570076
 0.000096108656
 0.000016933595
 0.000139109601
 0.000108537180
 0.000015885731
 0.000327518872
 0.000118085813
 0.000061835123
 0.000527291446
 0.000052348204
 0.000016697932
 0.000014777919
 0.000262199478
 0.000056929340
 0.001717503926
 0.000040577548
 0.000013771727
 0.000028394092
 0.000018216004
 0.000059199436
 0.000030872811
 0.000324664860
 0.000293147782
 0.000174957217
 0.000599229861
 0.000041096079
 0.000018446052
 0.000072424578
 0.000077062016
 0.008557160924
 0.005335606720
 0.000096705630
 0.000017358151
 0.000154406628
 0.000011587468
 0.000374036283
 0.000012311741
 0.000294977389
 0.000032281506
 0.000236057177
 0.000024188664
 0.000159209818
 0.000016787462
 0.000044333216
 0.000145360370
 0.000077626895
 0.002468170846
 0.000846314229
 0.000028779993
 0.000039455293
 0.000068379464
 0.000074762440
 0.000024946079
 0.000213800113
 0.001569210974
 0.001422785265
 0.000266714059
 0.000160845566
 0.000052408559
 0.000569258124
 0.000086398627
 0.001339880324
 0.000101693408
 0.000022510698
 0.000083652263
 0.000033864705
 0.002186213737
 0.000184310414
 0.001768802407
 0.000708359994
 0.000635137978
 0.000844371714
 0.000994675226
 0.000081480618
 0.006692860383
 0.000244751050
 0.000098883334
 0.001366287746
 0.000038442254
 0.000105865384
 0.000033653269
 0.000096504424
 0.000251246551
 0.000021722716
 0.000325359906
 0.002470639256
 0.000079636643
 0.000103831031
 0.000320770084
 0.000023633011
 0.000783333335
 0.000237838821
 0.000224876238
 0.004191592990
 0.000071770897
 0.000168205772
 0.000039086272
 0.000319791942
 0.000184602413
 0.001126065347
 0.000369349986
 0.000514322495
 0.000004084726
 0.000279724376
 0.000075112455
 0.000189290549
 0.000300103538
 0.000164622467
 0.000263065955
 0.000217079408
 0.000047248797
 0.000572928881
 0.000245291302
 0.000291576880
 0.000129491776
 0.000073244674
 0.000025102071
 0.000263467329
 0.002970639924
 0.000535567375
 0.001576906769
 0.000114416908
 0.000162811237
 0.000720701820
 0.000366516028
 0.000082330910
 0.000176806935
 0.000125743227
 0.000979016315
 0.001113013402
 0.001143229544
 0.002253091317
 0.000645909366
 0.000149892328
 0.000477301478
 0.000027213028
 0.000035132209
 0.000107729682
 0.000172326391
 0.000172044120
 0.000895986702
 0.000286960129
 0.000105346791
 0.000176218567
 0.000320337888
 0.001174178436
 0.000490788177
 0.003725646566
 0.000100973558
 0.000069722290
 0.000184550785
 0.000061599203
 0.000394595682
 0.000197020510
 0.000209046796
 0.000035434999
 0.000096206770
 0.000298925159
 0.000107588578
 0.000428073364
 0.000141159909
 0.000132900116
 0.000302819368
 0.000135379302
 0.016162074888
 0.000103869749
 0.000214103698
 0.012725714053
 0.000083787525
 0.000128730354
 0.001788982106
 0.000159152019
 0.002203720870
 0.000057585605
 0.000869384510
 0.002926841271
 0.000060635761
 0.000847719743
 0.000876293274
 0.015951361728
 0.000190467716
 0.000277131263
 0.000229644817
 0.012055555456
 0.000178335645
 0.000068758474
 0.000029169077
 0.000082384986
 0.000086851668
 0.000063872586
 0.000146711459
 0.000074594256
 0.000738487144
 0.000157423047
 0.000053197693
 0.000268489410
 0.003584089933
 0.001046834358
 0.001089211305
 0.000698775436
 0.001435048093
 0.000125336392
 0.001068864438
 0.000291214250
 0.000641357235
 0.002557039036
 0.000108708674
 0.000135337514
 0.000048190972
 0.003851995009
 0.000291710210
 0.000039351181
 0.000019228274
 0.000114614186
 0.000172871282
 0.000231330150
 0.000365087406
 0.000535314768
 0.000308399651
 0.000262063555
 0.030247126441
 0.000023733804
 0.000178697266
 0.000279170815
 0.000519372966
 0.000591696648
 0.000040483474
 0.000124868834
 0.000053242815
 0.001753168513
 0.000069975558
 0.000281474979
 0.000447680312
 0.006565315142
 0.000808678554
 0.004909550344
 0.000129178775
 0.000073290992
 0.000215437747
 0.000036416393
 0.000292942091
 0.002071877190
 0.000186903794
 0.000108062618
 0.000031106190
 0.000127509442
 0.000106592730
 0.000432476585
 0.000053883747
 0.000287188991
 0.000039052039
 0.000329799100
 0.000017029560
 0.000216433073
 0.000108538233
 0.000319964643
 0.000075663796
 0.000227857021
 0.000173654845
 0.000064429541
 0.000099609749
 0.000047610542
 0.000233818431
 0.015026476395
 0.000031260505
 0.000054826010
 0.000104030013
 0.000027731688
 0.000595352666
 0.000729723422
