2.147769e-04
6.124830e-04
9.987485e-05
7.497851e-05
8.542398e-04
5.108061e-04
3.314900e-04
1.629309e-03
1.127495e-04
3.968109e-03
5.648208e-04
5.148643e-05
1.539057e-04
1.001768e-04
6.457199e-04
3.041109e-05
4.522169e-04
5.536007e-04
4.342576e-03
3.413357e-04
1.007209e-02
2.666852e-03
2.028578e-04
2.459839e-04
6.190578e-04
6.407802e-03
2.859323e-04
5.399162e-05
1.237897e-03
1.582455e-04
1.375130e-04
2.266790e-03
2.953947e-04
1.349726e-04
8.754145e-05
2.180306e-03
6.931042e-04
2.874824e-03
1.734085e-04
5.951057e-04
2.488028e-06
2.375322e-04
2.211772e-04
1.081275e-04
1.994221e-03
1.294994e-03
3.412045e-06
4.337027e-06
1.639150e-04
9.839188e-05
1.277437e-04
4.544055e-05
1.443579e-04
8.967722e-05
1.258730e-05
1.186554e-04
3.115887e-03
3.377912e-03
1.588909e-04
3.439154e-04
4.814114e-04
1.528700e-04
2.242334e-03
4.287817e-04
3.594110e-04
4.323018e-04
3.676943e-03
2.247458e-03
2.173887e-03
1.794170e-04
5.337167e-04
2.134092e-05
1.323237e-03
3.369633e-04
7.986846e-03
3.054228e-04
7.156362e-06
3.376187e-04
2.014967e-03
8.172718e-04
2.216511e-03
4.613401e-04
3.291583e-04
4.669670e-04
1.168411e-03
1.460678e-02
8.792552e-04
1.854234e-03
1.260330e-04
4.258465e-05
4.516597e-03
7.414341e-03
1.135213e-04
9.766024e-03
2.776145e-04
6.414638e-04
5.108857e-05
7.460460e-05
9.105927e-05
4.061905e-04
1.852949e-04
4.259221e-04
4.214277e-05
2.971690e-05
2.014135e-02
3.443001e-04
3.929018e-03
5.100377e-04
4.531727e-05
2.734183e-04
1.452240e-04
1.882553e-04
9.762061e-05
2.856770e-04
2.245593e-04
5.122775e-05
1.056381e-04
7.530918e-05
1.589177e-04
2.479467e-05
2.839531e-04
1.471824e-03
2.904105e-04
2.086423e-03
3.205201e-04
2.457452e-04
1.138091e-04
2.418351e-04
6.118442e-04
6.065340e-05
2.079015e-03
7.965537e-04
8.536026e-03
3.286157e-04
1.002236e-04
1.759429e-02
1.935173e-04
1.118203e-04
1.633441e-04
4.980135e-04
1.093867e-04
3.709618e-03
1.635121e-04
1.825309e-05
2.117773e-03
6.855398e-04
2.326568e-04
2.127058e-03
4.986931e-04
1.517983e-03
8.274133e-05
2.050201e-04
1.798403e-03
1.590412e-03
2.832314e-04
2.517649e-04
3.651061e-04
2.009938e-04
1.716612e-04
1.820562e-04
1.997588e-04
1.400142e-03
1.126262e-04
3.018588e-05
6.391386e-04
5.336072e-03
1.117125e-03
1.355860e-04
3.104536e-05
8.674973e-04
7.252801e-04
1.205034e-03
6.537393e-04
9.578880e-04
1.111343e-04
1.482232e-04
6.474979e-05
2.359841e-03
8.751160e-05
2.429258e-04
4.352682e-05
3.468112e-04
3.948759e-04
7.243131e-03
2.145435e-04
1.521372e-04
1.547904e-04
5.804030e-05
6.882100e-05
9.746053e-05
4.326786e-05
1.067616e-03
7.565694e-04
7.129705e-05
4.123484e-03
2.414461e-04
1.337995e-04
2.783175e-04
4.669831e-03
5.508768e-04
6.133383e-05
2.706908e-04
6.305901e-04
9.162839e-05
3.758422e-04
1.216931e-03
8.476777e-05
3.416497e-03
3.363054e-02
3.354768e-03
1.567696e-04
6.869059e-04
5.611201e-05
1.134013e-04
1.532659e-03
1.964449e-03
2.406526e-04
3.483879e-04
4.603379e-04
3.894880e-04
1.796698e-04
7.344446e-05
1.371431e-04
9.938933e-05
3.094612e-04
2.852936e-03
6.059857e-05
7.647123e-04
1.198120e-04
3.226620e-04
2.480525e-03
3.257443e-04
2.807139e-04
1.560318e-04
9.830239e-05
3.677719e-04
4.130779e-04
8.410204e-05
1.283764e-04
1.045718e-04
2.799498e-05
5.956531e-05
2.001138e-02
4.226621e-05
5.583625e-05
1.986829e-04
4.401199e-05
1.010655e-04
1.081024e-03
2.441742e-05
3.122342e-05
5.952699e-05
8.494315e-03
1.841651e-04
1.168131e-04
4.585983e-05
3.951303e-05
2.113248e-04
1.228950e-04
5.790129e-05
3.679538e-04
8.628686e-05
2.272340e-04
2.090467e-04
5.518529e-04
1.318238e-04
1.107260e-04
1.046169e-04
1.094949e-04
2.792427e-05
1.075909e-04
7.894547e-05
1.993391e-04
6.628403e-05
1.522390e-05
9.339535e-04
8.181647e-04
2.150682e-05
3.710125e-04
9.442332e-05
1.595689e-04
3.281740e-04
2.229630e-03
2.438136e-03
1.039739e-04
7.957002e-04
4.687922e-05
3.244142e-04
6.006152e-04
1.625925e-04
3.542225e-04
8.156701e-05
3.202206e-04
1.128579e-03
1.703058e-03
2.116236e-04
8.980511e-04
4.349041e-04
2.878619e-03
6.652950e-05
4.149745e-03
7.252359e-05
3.409344e-04
2.141200e-04
8.179478e-04
7.588942e-04
2.548722e-05
1.819012e-04
2.268986e-05
3.365564e-03
1.860660e-03
6.560497e-05
2.428897e-03
4.248322e-04
1.744663e-05
3.050453e-05
1.937933e-04
3.503926e-04
2.543448e-04
4.181590e-03
1.392687e-04
1.900892e-04
4.674982e-05
2.139067e-04
2.915552e-04
2.011617e-05
3.222672e-04
1.461099e-03
4.307753e-05
6.045894e-05
8.039142e-04
4.151536e-04
2.856112e-04
2.202017e-03
2.995222e-03
3.036503e-04
3.464408e-05
1.087771e-03
2.714782e-04
2.095402e-04
7.807673e-05
5.096208e-03
8.917685e-04
5.014332e-04
3.936124e-03
3.359508e-03
1.767078e-04
1.650365e-04
3.101687e-04
2.472265e-04
1.190758e-03
1.491979e-04
6.326133e-04
1.519906e-03
1.613156e-03
8.341595e-04
1.125310e-04
2.219578e-05
1.275494e-03
7.848369e-05
1.385210e-04
1.230332e-03
6.895962e-04
4.797839e-03
2.167247e-05
6.696961e-05
1.389347e-04
1.036526e-03
8.603317e-03
4.488530e-04
1.501472e-04
3.455159e-05
6.119772e-05
1.064416e-04
5.386771e-05
1.552204e-03
1.213626e-03
2.909609e-03
5.891856e-03
2.927363e-05
3.997307e-04
7.074279e-04
1.544588e-03
2.263149e-04
3.006614e-04
1.177818e-04
5.438335e-05
1.470596e-05
1.621471e-04
1.640326e-05
1.208748e-04
1.033519e-03
2.300797e-04
1.750363e-04
4.305308e-04
6.324677e-05
4.653947e-04
1.679227e-03
1.609995e-03
9.585065e-05
1.631885e-04
5.110625e-04
6.480020e-04
2.113686e-04
3.475424e-04
1.084068e-03
1.842309e-03
6.637658e-04
4.304127e-04
4.069990e-04
1.495273e-04
6.531096e-05
3.981949e-04
3.598224e-03
2.307444e-04
5.675864e-05
1.414227e-03
4.507440e-04
5.220959e-04
1.140812e-04
1.320844e-03
2.271077e-03
1.032082e-03
1.066568e-03
6.990757e-04
2.665968e-04
7.440960e-04
2.371940e-03
3.902527e-04
7.264539e-05
5.134897e-04
4.205045e-04
6.915107e-04
1.351632e-04
1.976279e-04
4.378543e-04
1.516903e-04
1.364014e-04
1.506066e-04
1.455784e-04
1.563996e-04
1.962027e-03
1.431849e-04
1.525941e-03
2.233966e-04
2.284179e-04
1.173236e-04
6.142886e-04
7.422911e-03
6.428420e-03
3.741876e-03
5.749779e-04
6.728204e-04
1.648537e-03
4.898050e-03
8.089615e-04
9.313435e-04
5.653674e-05
2.414038e-05
1.354372e-03
2.703545e-04
2.100582e-04
3.120885e-04
2.043795e-03
3.353482e-04
2.143186e-04
5.752010e-04
4.414604e-04
4.626804e-05
3.220420e-04
4.049881e-03
3.035924e-03
1.127661e-03
6.301346e-03
2.316140e-04
6.254200e-04
3.207795e-04
2.975413e-03
5.351814e-05
1.032262e-04
1.266822e-03
4.015585e-05
9.652516e-05
1.483273e-03
3.498043e-04
1.632132e-02
1.756160e-05
1.956809e-04
1.236838e-03
6.386199e-05
1.284914e-03
1.694182e-03
4.146932e-04
2.616564e-04
5.157615e-05
2.127422e-04
1.648339e-04
9.974796e-04
1.683815e-03
9.253139e-06
1.341520e-04
9.698262e-05
1.869664e-04
1.238638e-05
2.490408e-04
4.129399e-05
9.258337e-05
1.328411e-03
4.266642e-04
6.530628e-05
2.556226e-04
1.498261e-04
7.359803e-05
4.742988e-04
1.330313e-03
2.346847e-05
3.609826e-04
1.051914e-04
8.422055e-03
1.433358e-05
4.619055e-05
5.566452e-04
1.853204e-05
1.058308e-04
8.300178e-04
4.550222e-04
1.532542e-04
2.789241e-05
3.298767e-04
3.652878e-04
3.497471e-05
4.624981e-04
1.625361e-04
4.000641e-03
1.578449e-04
1.850158e-04
8.367068e-05
4.201949e-05
1.157594e-04
8.540505e-04
3.436859e-03
1.439519e-04
5.938634e-04
2.856863e-03
5.973843e-04
5.767028e-04
7.102218e-04
6.890357e-05
1.628672e-04
2.270902e-04
1.271705e-03
8.468387e-05
2.899481e-04
4.102838e-03
1.470494e-03
4.177670e-04
8.439659e-04
9.826048e-04
1.464295e-03
3.781478e-03
3.333912e-05
5.813709e-04
9.863411e-06
1.278064e-04
2.502972e-03
2.800842e-05
6.777693e-04
5.173769e-03
2.385414e-03
1.084334e-03
2.893137e-04
9.570966e-03
1.047620e-03
2.283850e-03
4.357076e-04
2.682009e-04
2.256695e-05
5.126254e-04
3.808517e-04
3.415656e-03
7.943341e-04
1.412890e-04
5.108131e-04
2.730863e-04
1.938490e-04
1.106184e-04
1.893796e-04
4.318008e-04
5.277117e-04
2.017772e-03
1.468394e-04
8.193685e-04
1.917827e-04
1.072110e-03
3.036142e-03
2.826895e-04
9.955781e-04
5.354915e-04
2.204942e-03
8.132260e-03
3.613057e-04
2.490558e-04
6.519188e-05
2.866924e-04
1.865536e-04
1.659206e-03
8.047512e-04
2.162584e-04
1.785746e-04
1.400476e-04
1.820221e-04
5.680258e-03
4.463043e-04
4.295523e-05
8.544591e-04
8.982649e-04
1.657042e-04
1.091475e-03
2.616113e-04
1.593555e-04
4.833080e-04
2.191005e-03
3.397230e-04
1.170350e-03
5.984002e-04
1.316766e-03
4.664950e-04
4.442101e-04
7.606719e-04
3.152876e-04
2.169114e-05
5.891495e-03
1.762567e-04
9.669398e-04
5.046036e-04
1.202934e-03
3.881402e-04
1.859152e-03
3.858957e-04
6.731009e-03
5.440013e-05
1.480963e-04
4.277278e-05
2.449996e-04
1.927377e-03
6.802689e-05
5.967472e-04
2.743253e-03
2.171627e-03
9.603198e-05
3.679678e-05
1.897773e-04
4.179525e-03
2.723140e-04
7.882572e-04
1.885959e-04
1.707177e-04
2.670347e-04
5.339977e-03
1.208422e-03
3.853533e-04
1.727014e-03
1.090060e-03
1.043237e-04
4.676715e-04
2.816046e-04
1.005830e-03
2.846065e-04
1.165181e-04
3.800538e-04
3.652054e-03
4.296994e-04
1.162921e-03
3.734477e-05
2.750604e-04
3.934017e-04
1.148502e-04
1.342961e-03
6.830922e-05
2.970128e-04
1.822995e-05
4.884076e-04
1.304943e-04
3.806249e-05
5.108643e-04
4.430994e-04
2.809847e-04
2.927974e-04
1.198836e-04
1.515782e-03
5.063164e-03
2.091390e-03
1.147803e-04
5.139730e-05
3.704225e-05
1.897792e-04
2.515004e-04
1.226563e-04
4.340668e-04
4.156563e-04
2.092021e-04
2.351072e-04
1.997601e-05
7.079091e-05
1.779062e-03
1.316930e-03
2.703592e-05
1.856970e-03
9.204513e-04
1.582796e-04
8.658496e-04
7.887072e-05
2.382491e-04
2.005325e-04
2.658378e-04
4.765769e-05
1.072242e-04
1.265701e-04
9.610866e-05
1.693359e-05
1.391096e-04
1.085372e-04
1.588573e-05
3.275189e-04
1.180858e-04
6.183512e-05
5.272914e-04
5.234820e-05
1.669793e-05
1.477792e-05
2.621995e-04
5.692934e-05
1.717504e-03
4.057755e-05
1.377173e-05
2.839409e-05
1.821600e-05
5.919944e-05
3.087281e-05
3.246649e-04
2.931478e-04
1.749572e-04
5.992299e-04
4.109608e-05
1.844605e-05
7.242458e-05
7.706202e-05
8.557161e-03
5.335607e-03
9.670563e-05
1.735815e-05
1.544066e-04
1.158747e-05
3.740363e-04
1.231174e-05
2.949774e-04
3.228151e-05
2.360572e-04
2.418866e-05
1.592098e-04
1.678746e-05
4.433322e-05
1.453604e-04
7.762690e-05
2.468171e-03
8.463142e-04
2.877999e-05
3.945529e-05
6.837946e-05
7.476244e-05
2.494608e-05
2.138001e-04
1.569211e-03
1.422785e-03
2.667141e-04
1.608456e-04
5.240856e-05
5.692581e-04
8.639863e-05
1.339880e-03
1.016934e-04
2.251070e-05
8.365226e-05
3.386470e-05
2.186214e-03
1.843104e-04
1.768802e-03
7.083600e-04
6.351380e-04
8.443717e-04
9.946752e-04
8.148062e-05
6.692860e-03
2.447510e-04
9.888333e-05
1.366288e-03
3.844225e-05
1.058654e-04
3.365327e-05
9.650442e-05
2.512466e-04
2.172272e-05
3.253599e-04
2.470639e-03
7.963664e-05
1.038310e-04
3.207701e-04
2.363301e-05
7.833333e-04
2.378388e-04
2.248762e-04
4.191593e-03
7.177090e-05
1.682058e-04
3.908627e-05
3.197919e-04
1.846024e-04
1.126065e-03
3.693500e-04
5.143225e-04
4.084726e-06
2.797244e-04
7.511246e-05
1.892905e-04
3.001035e-04
1.646225e-04
2.630660e-04
2.170794e-04
4.724880e-05
5.729289e-04
2.452913e-04
2.915769e-04
1.294918e-04
7.324467e-05
2.510207e-05
2.634673e-04
2.970640e-03
5.355674e-04
1.576907e-03
1.144169e-04
1.628112e-04
7.207018e-04
3.665160e-04
8.233091e-05
1.768069e-04
1.257432e-04
9.790163e-04
1.113013e-03
1.143230e-03
2.253091e-03
6.459094e-04
1.498923e-04
4.773015e-04
2.721303e-05
3.513221e-05
1.077297e-04
1.723264e-04
1.720441e-04
8.959867e-04
2.869601e-04
1.053468e-04
1.762186e-04
3.203379e-04
1.174178e-03
4.907882e-04
3.725647e-03
1.009736e-04
6.972229e-05
1.845508e-04
6.159920e-05
3.945957e-04
1.970205e-04
2.090468e-04
3.543500e-05
9.620677e-05
2.989252e-04
1.075886e-04
4.280734e-04
1.411599e-04
1.329001e-04
3.028194e-04
1.353793e-04
1.616207e-02
1.038697e-04
2.141037e-04
1.272571e-02
8.378752e-05
1.287304e-04
1.788982e-03
1.591520e-04
2.203721e-03
5.758561e-05
8.693845e-04
2.926841e-03
6.063576e-05
8.477197e-04
8.762933e-04
1.595136e-02
1.904677e-04
2.771313e-04
2.296448e-04
1.205556e-02
1.783356e-04
6.875847e-05
2.916908e-05
8.238499e-05
8.685167e-05
6.387259e-05
1.467115e-04
7.459426e-05
7.384871e-04
1.574230e-04
5.319769e-05
2.684894e-04
3.584090e-03
1.046834e-03
1.089211e-03
6.987754e-04
1.435048e-03
1.253364e-04
1.068864e-03
2.912143e-04
6.413572e-04
2.557039e-03
1.087087e-04
1.353375e-04
4.819097e-05
3.851995e-03
2.917102e-04
3.935118e-05
1.922827e-05
1.146142e-04
1.728713e-04
2.313302e-04
3.650874e-04
5.353148e-04
3.083997e-04
2.620636e-04
3.024713e-02
2.373380e-05
1.786973e-04
2.791708e-04
5.193730e-04
5.916966e-04
4.048347e-05
1.248688e-04
5.324281e-05
1.753169e-03
6.997556e-05
2.814750e-04
4.476803e-04
6.565315e-03
8.086786e-04
4.909550e-03
1.291788e-04
7.329099e-05
2.154377e-04
3.641639e-05
2.929421e-04
2.071877e-03
1.869038e-04
1.080626e-04
3.110619e-05
1.275094e-04
1.065927e-04
4.324766e-04
5.388375e-05
2.871890e-04
3.905204e-05
3.297991e-04
1.702956e-05
2.164331e-04
1.085382e-04
3.199646e-04
7.566380e-05
2.278570e-04
1.736548e-04
6.442954e-05
9.960975e-05
4.761054e-05
2.338184e-04
1.502648e-02
3.126051e-05
5.482601e-05
1.040300e-04
2.773169e-05
5.953527e-04
7.297234e-04
